9 19.1 -1.0 21.0 0 0.0 47.9 58.1 399.2 0.3 20.0 0
10 18.8 -1.0 23.0 0 0.0 48.3 58.1 400.2 0.4 20.0 0
11 18.6 -1.0 25.0 0 0.0 48.6 58.1 401.2 0.5 20.0 0
12 18.4 -1.0 27.0 0 0.0 48.9 58.1 402.1 0.6 20.0 0
13 18.2 -1.0 30.0 0 0.0 49.2 58.1 403.1 0.6 20.0 0
14 18.0 -1.0 33.0 0 0.0 49.3 58.2 404.0 0.7 21.0 0
15 17.9 -1.0 36.0 0 0.0 49.4 58.2 404.9 0.9 21.0 0
16 17.8 -1.1 39.0 0 0.0 49.5 58.2 405.8 1.0 21.0 0
17 17.7 -1.1 42.0 0 0.0 49.5 58.2 406.8 1.1 21.0 0
18 17.6 -1.1 45.0 0 0.0 49.4 58.2 407.7 1.2 21.0 0
19 17.5 -1.1 49.0 0 0.0 49.3 58.2 408.5 1.4 21.0 0
20 17.5 -1.1 52.0 0 0.0 49.1 58.2 409.4 1.5 21.0 0
21 17.5 -1.1 56.0 0 0.0 48.8 58.2 410.3 1.7 21.0 0
22 17.5 -1.1 59.0 0 0.0 48.5 58.2 411.2 1.9 21.0 0
23 17.5 -1.1 63.0 0 0.0 48.1 58.3 412.0 2.1 21.0 0
24 17.6 -1.1 66.0 0 0.0 47.6 58.3 412.9 2.3 21.0 0
25 17.7 -1.1 70.0 0 0.0 47.1 58.3 413.7 2.5 21.0 0
26 17.7 -1.1 73.0 0 0.0 46.6 58.3 414.5 2.7 21.0 0
27 17.9 -1.1 76.0 0 0.0 46.0 58.3 415.4 2.9 21.0 0
28 18.0 -1.1 80.0 0 0.0 45.4 58.3 416.2 3.2 21.0 0
29 18.1 -1.1 83.0 0 0.0 44.8 58.3 417.0 3.4 21.0 0
30 18.3 -1.1 85.0 0 0.0 44.1 58.3 417.8 3.7 21.0 0
31 18.4 -1.1 88.0 0 0.0 43.4 58.4 418.6 3.9 21.0 0
32 18.6 -1.1 91.0 0 0.0 42.7 58.4 419.3 4.2 21.0 0
33 18.8 -1.1 93.0 0 0.0 42.0 58.4 420.1 4.5 21.0 0
34 19.0 -1.1 95.0 0 0.0 41.3 58.4 420.9 4.8 21.0 0
35 19.2 -1.1 98.0 0 0.0 40.5 58.4 421.6 5.1 21.0 0
36 19.4 -1.1 99.0 0 0.0 39.8 58.4 422.4 5.4 21.0 0
37 19.6 -1.1 100.0 0 0.0 39.1 58.4 423.1 5.7 21.0 0
38 19.8 -1.1 100.0 0 0.0 38.4 58.4 423.9 6.0 21.0 0
39 20.0 -1.1 100.0 0 0.0 37.7 58.4 424.6 6.3 21.0 0
40 20.2 -1.1 100.0 0 0.0 37.1 58.5 425.3 6.6 21.0 0
41 20.4 -1.1 100.0 0 0.0 36.4 58.5 426.0 6.9 21.0 0
42 20.6 -1.1 100.0 0 0.0 35.8 58.5 426.7 7.2 21.0 0
43 20.8 -1.1 100.0 0 0.0 35.3 58.5 427.4 7.5 21.0 0
44 21.0 -1.1 100.0 0 0.0 34.7 58.5 428.1 7.8 21.0 0
45 21.2 -1.1 100.0 0 0.0 34.2 58.5 428.8 8.1 21.0 0
46 21.3 -1.1 99.0 0 0.0 33.7 58.5 429.5 8.4 21.0 0
47 21.5 -1.2 99.0 0 0.0 33.2 58.5 430.2 8.7 21.0 0
48 21.6 -1.2 99.0 0 0.0 32.7 58.5 430.8 8.9 21.0 0
49 21.8 -1.2 98.0 0 0.0 32.2 58.6 431.5 9.2 21.0 0
50 21.9 -1.2 97.0 0 0.0 31.8 58.6 432.1 9.5 21.0 0
51 22.0 -1.2 96.0 0 0.0 31.4 58.6 432.8 9.8 21.0 0
52 22.2 -1.2 95.0 0 0.0 31.0 58.6 433.4 10.1 21.0 0
53 22.3 -1.2 94.0 0 0.0 30.7 58.6 434.0 10.4 21.0 0
54 22.4 -1.2 93.0 0 0.0 30.3 58.6 434.7 10.7 21.0 0
55 22.4 -1.2 91.0 0 0.0 30.0 58.6 435.3 10.9 21.0 0
56 22.5 -1.2 90.0 0 0.0 29.7 58.6 435.9 11.2 21.0 0
57 22.6 -1.2 88.0 0 0.0 29.5 58.7 436.5 11.5 21.0 0
58 22.6 -1.2 87.0 0 0.0 29.2 58.7 437.1 11.7 21.0 0
59 22.7 -1.2 85.0 0 0.0 29.0 58.7 437.7 12.0 21.0 0
60 22.7 -1.2 83.0 0 0.0 28.8 58.7 438.3 12.2 21.0 0
61 22.7 -3.0 82.0 0 0.0 28.7 65.0 438.9 12.5 21.0 0
62 22.7 -3.0 80.0 0 0.0 28.6 65.0 439.5 12.7 21.0 0
63 22.6 -3.0 78.0 0 0.0 28.5 65.0 440.0 13.0 21.0 0
64 22.6 -3.0 76.0 0 0.0 28.4 65.0 440.6 13.2 21.0 0
65 22.5 -3.0 75.0 0 0.0 28.4 65.0 441.2 13.4 21.0 0
66 22.4 -3.0 73.0 0 0.0 28.4 65.0 441.7 13.6 21.0 0
67 22.4 -3.0 72.0 0 0.0 28.3 65.0 442.3 13.8 21.0 0
68 22.3 -3.0 71.0 0 0.0 28.3 65.0 442.8 14.1 21.0 0
69 22.2 -3.0 69.0 0 0.0 28.3 65.0 443.4 14.3 21.0 0
70 22.1 -3.0 68.0 0 0.0 28.3 65.0 443.9 14.5 21.0 0
71 22.0 -3.0 67.0 0 0.0 28.4 65.0 444.4 14.7 21.0 0
72 21.9 -3.0 66.0 0 0.0 28.4 65.0 444.9 14.9 21.0 0
73 21.8 -3.0 65.0 0 0.0 28.4 65.0 445.5 15.1 21.0 0
74 21.7 -3.0 64.0 0 0.0 28.4 65.0 446.0 15.3 21.0 0
75 21.6 -3.0 64.0 0 0.0 28.5 65.0 446.5 15.5 21.0 0
76 21.5 -3.0 63.0 0 0.0 28.5 65.0 447.0 15.6 21.0 0
77 21.3 -3.0 62.0 0 0.0 28.6 65.1 447.5 15.8 21.0 0
78 21.2 -3.0 62.0 0 0.0 28.6 65.1 448.0 16.0 21.0 0
79 21.1 -3.0 62.0 0 0.0 28.7 65.1 448.4 16.2 21.0 0
80 21.0 -3.0 62.0 0 0.0 28.7 65.1 448.9 16.4 21.0 0
81 20.9 -3.0 62.0 0 0.0 28.7 65.1 449.4 16.6 21.0 0
82 20.8 -3.0 62.0 0 0.0 28.8 65.1 449.9 16.8 21.0 0
83 20.7 -3.0 62.0 0 0.0 28.8 65.1 450.3 16.9 21.0 0
84 20.6 -3.0 62.0 0 0.0 28.8 65.1 450.8 17.1 21.0 0
85 20.5 -3.0 63.0 0 0.0 28.8 65.1 451.3 17.3 21.0 0
86 20.4 -3.0 63.0 0 0.0 28.8 65.1 451.7 17.5 21.0 0
87 20.4 -3.0 64.0 0 0.0 28.8 65.1 452.2 17.7 21.0 0
88 20.3 -3.0 65.0 0 0.0 28.8 65.1 452.6 17.9 21.0 0
89 20.2 -3.0 65.0 0 0.0 28.8 65.1 453.1 18.1 21.0 0
90 20.2 -3.0 66.0 0 0.0 28.8 65.1 453.5 18.3 21.0 0
91 20.1 -3.0 67.0 0 0.0 28.7 65.1 453.9 18.5 21.0 0
92 20.1 -3.0 68.0 0 0.0 28.7 65.1 454.4 18.7 21.0 0
93 20.0 -3.0 69.0 0 0.0 28.6 65.1 454.8 18.9 21.0 0
94 20.0 -3.0 70.0 0 0.0 28.5 65.1 455.2 19.1 21.0 0
95 20.0 -3.0 71.0 0 0.0 28.4 65.1 455.6 19.3 21.0 0
96 20.0 -3.0 72.0 0 0.0 28.3 65.1 456.0 19.5 21.0 0
97 19.9 -3.0 73.0 0 0.0 28.2 65.1 456.4 19.8 21.0 0
98 19.9 -3.0 74.0 0 0.0 28.1 65.1 456.8 20.0 21.0 0
99 19.9 -3.0 75.0 0 0.0 28.0 65.1 457.2 20.2 21.0 0
100 20.0 -3.0 76.0 0 0.0 27.9 65.1 457.6 20.4 21.0 0
101 20.0 -3.0 77.0 0 0.0 27.7 65.1 458.0 20.7 21.0 0
102 20.0 -3.0 78.0 0 0.0 27.6 65.1 458.4 20.9 21.0 0
103 20.0 -3.0 79.0 0 0.0 27.4 65.1 458.8 21.1 21.0 0
104 20.0 -3.0 80.0 0 0.0 27.3 65.1 459.2 21.4 21.0 0
105 20.1 -3.0 81.0 0 0.0 27.1 65.1 459.5 21.6 21.0 0
106 20.1 -3.0 82.0 0 0.0 26.9 65.2 459.9 21.9 21.0 0
107 20.2 -3.0 83.0 0 0.0 26.7 65.2 460.3 22.1 21.0 0
108 20.2 -3.0 84.0 0 0.0 26.5 65.2 460.6 22.4 21.0 0
109 20.3 -3.0 84.0 0 0.0 26.4 65.2 461.0 22.6 21.0 0
110 20.3 -3.0 85.0 0 0.0 26.2 65.2 461.4 22.9 21.0 0
111 20.4 -3.0 86.0 0 0.0 26.0 65.2 461.7 23.1 21.0 0
112 20.4 -3.0 87.0 0 0.0 25.8 65.2 462.1 23.4 21.0 0
113 20.5 -3.0 87.0 0 0.0 25.6 65.2 462.4 23.6 21.0 0
114 20.6 -3.0 88.0 0 0.0 25.4 65.2 462.7 23.9 21.0 0
115 20.6 -3.0 88.0 0 0.0 25.2 65.2 463.1 24.2 21.0 0
116 20.7 -3.0 88.0 0 0.0 25.0 65.2 463.4 24.4 21.0 0
117 20.8 -3.0 89.0 0 0.0 24.8 65.2 463.8 24.7 21.0 0
118 20.8 -3.0 89.0 0 0.0 24.6 65.2 464.1 25.0 21.0 0
119 20.9 -3.0 89.0 0 0.0 24.4 65.2 464.4 25.2 21.0 0
120 21.0 -3.0 89.0 0 0.0 24.2 65.2 464.7 25.5 21.0 0
121 21.0 -3.5 89.0 0 0.0 24.1 67.0 465.1 25.8 21.0 0
122 21.1 -3.5 89.0 0 0.0 23.9 67.0 465.4 26.0 21.0 0
123 21.1 -3.5 89.0 0 0.0 23.7 67.0 465.7 26.3 21.0 0
124 21.2 -3.5 89.0 0 0.0 23.6 67.0 466.0 26.6 21.0 0
125 21.2 -3.5 89.0 0 0.0 23.4 67.0 466.3 26.8 21.0 0
126 21.2 -3.5 89.0 0 0.0 23.3 67.0 466.6 27.1 21.0 0
127 21.3 -3.5 88.0 0 0.0 23.1 67.0 466.9 27.4 21.0 0
128 21.3 -3.5 88.0 0 0.0 23.0 67.0 467.2 27.6 21.0 0
129 21.4 -3.5 88.0 0 0.0 22.9 67.0 467.5 27.9 21.0 0
130 21.4 -3.5 87.0 0 0.0 22.8 67.0 467.8 28.2 21.0 0
131 21.4 -3.5 87.0 0 0.0 22.6 67.0 468.1 28.4 21.0 0
132 21.4 -3.5 87.0 0 0.0 22.5 67.1 468.4 28.7 21.0 0
133 21.5 -3.5 86.0 0 0.0 22.4 67.1 468.6 28.9 21.0 0
134 21.5 -3.5 86.0 0 0.0 22.3 67.1 468.9 29.2 21.0 0
135 21.5 -3.5 85.0 0 0.0 22.2 67.1 469.2 29.5 21.0 0
136 21.5 -3.5 85.0 0 0.0 22.1 67.1 469.5 29.7 21.0 0
137 21.5 -3.5 84.0 0 0.0 22.0 67.1 469.7 30.0 21.0 0
138 21.5 -3.5 84.0 0 0.0 21.9 67.1 470.0 30.2 21.0 0
139 21.5 -3.5 83.0 0 0.0 21.9 67.1 470.3 30.5 21.0 0
140 21.5 -3.5 83.0 0 0.0 21.8 67.1 470.5 30.7 21.0 0
141 21.5 -3.5 82.0 0 0.0 21.7 67.1 470.8 31.0 21.0 0
142 21.5 -3.5 82.0 0 0.0 21.7 67.1 471.1 31.2 21.0 0
143 21.5 -3.5 81.0 0 0.0 21.6 67.1 471.3 31.4 21.0 0
144 21.5 -3.5 81.0 0 0.0 21.5 67.1 471.6 31.7 21.0 0
145 21.5 -3.5 80.0 0 0.0 21.5 67.1 471.8 31.9 21.0 0
146 21.5 -3.5 80.0 0 0.0 21.4 67.1 472.1 32.2 21.0 0
147 21.4 -3.5 79.0 0 0.0 21.4 67.1 472.3 32.4 21.0 0
148 21.4 -3.5 79.0 0 0.0 21.4 67.1 472.6 32.6 21.0 0
149 21.4 -3.5 78.0 0 0.0 21.3 67.1 472.8 32.9 21.0 0
150 21.4 -3.5 78.0 0 0.0 21.3 67.1 473.0 33.1 21.0 0
151 21.3 -3.5 78.0 0 0.0 21.3 67.2 473.3 33.3 21.0 0
152 21.3 -3.5 77.0 0 0.0 21.2 67.2 473.5 33.6 21.0 0
153 21.3 -3.5 77.0 0 0.0 21.2 67.2 473.7 33.8 21.0 0
154 21.2 -3.5 77.0 0 0.0 21.2 67.2 474.0 34.0 21.0 0
155 21.2 -3.5 76.0 0 0.0 21.2 67.2 474.2 34.3 21.0 0
156 21.2 -3.5 76.0 0 0.0 21.1 67.2 474.4 34.5 21.0 0
157 21.1 -3.5 76.0 0 0.0 21.1 67.2 474.6 34.7 21.0 0
158 21.1 -3.5 76.0 0 0.0 21.1 67.2 474.9 35.0 21.0 0
159 21.1 -3.5 76.0 0 0.0 21.1 67.2 475.1 35.2 21.0 0
160 21.0 -3.5 76.0 0 0.0 21.0 67.2 475.3 35.4 21.0 0
161 21.0 -3.5 76.0 0 0.0 21.0 67.2 475.5 35.6 21.0 0
162 21.0 -3.5 76.0 0 0.0 21.0 67.2 475.7 35.9 21.0 0
163 21.0 -3.5 76.0 0 0.0 21.0 67.2 475.9 36.1 21.0 0
164 20.9 -3.5 76.0 0 0.0 20.9 67.2 476.1 36.3 21.0 0
165 20.9 -3.5 76.0 0 0.0 20.9 67.2 476.4 36.5 21.0 0
166 20.9 -3.5 76.0 0 0.0 20.9 67.2 476.6 36.8 21.0 0
167 20.8 -3.5 76.0 0 0.0 20.9 67.2 476.8 37.0 21.0 0
168 20.8 -3.5 76.0 0 0.0 20.8 67.2 477.0 37.2 21.0 0
169 20.8 -3.5 77.0 0 0.0 20.8 67.2 477.2 37.5 21.0 0
170 20.8 -3.5 77.0 0 0.0 20.8 67.2 477.3 37.7 21.0 0
171 20.8 -3.5 77.0 0 0.0 20.7 67.2 477.5 37.9 21.0 0
172 20.7 -3.5 77.0 0 0.0 20.7 67.3 477.7 38.2 21.0 0
173 20.7 -3.5 77.0 0 0.0 20.7 67.3 477.9 38.4 21.0 0
174 20.7 -3.5 78.0 0 0.0 20.6 67.3 478.1 38.6 21.0 0
175 20.7 -3.5 78.0 0 0.0 20.6 67.3 478.3 38.9 21.0 0
176 20.7 -3.5 78.0 0 0.0 20.5 67.3 478.5 39.1 21.0 0
177 20.7 -3.5 79.0 0 0.0 20.5 67.3 478.7 39.3 21.0 0
178 20.7 -3.5 79.0 0 0.0 20.4 67.3 478.8 39.6 21.0 0
179 20.7 -3.5 79.0 0 0.0 20.4 67.3 479.0 39.8 21.0 0
180 20.7 -3.5 79.0 0 0.0 20.3 67.3 479.2 40.0 21.0 0
181 20.7 -4.0 80.0 0 0.0 20.3 70.0 479.4 40.3 21.0 0
182 20.7 -4.0 80.0 0 0.0 20.3 70.0 479.5 40.5 21.0 0
183 20.6 -4.0 80.0 0 0.0 20.2 70.0 479.7 40.8 21.0 0
184 20.6 -4.0 81.0 0 0.0 20.2 70.0 479.9 41.0 21.0 0
185 20.6 -4.0 81.0 0 0.0 20.1 70.0 480.1 41.2 21.0 0
186 20.6 -4.0 82.0 0 0.0 20.1 70.0 480.2 41.5 21.0 0
187 20.6 -4.0 82.0 0 0.0 20.0 70.0 480.4 41.7 21.0 0
188 20.7 -4.0 82.0 0 0.0 20.0 70.0 480.5 42.0 21.0 0
189 20.7 -4.0 83.0 0 0.0 19.9 69.9 480.7 42.2 21.0 0
190 20.7 -4.0 83.0 0 0.0 19.9 69.9 480.9 42.5 21.0 0
191 20.7 -4.0 83.0 0 0.0 19.8 69.9 481.0 42.7 21.0 0
192 20.7 -4.0 84.0 0 0.0 19.7 69.9 481.2 43.0 21.0 0
193 20.7 -4.0 84.0 0 0.0 19.7 69.9 481.3 43.2 21.0 0
194 20.7 -4.0 84.0 0 0.0 19.6 69.9 481.5 43.5 21.0 0
195 20.7 -4.0 84.0 0 0.0 19.6 69.9 481.6 43.7 21.0 0
196 20.8 -4.0 85.0 0 0.0 19.5 69.9 481.8 44.0 21.0 0
197 20.8 -4.0 85.0 0 0.0 19.4 69.9 481.9 44.2 21.0 0
198 20.8 -4.0 85.0 0 0.0 19.4 69.9 482.1 44.5 21.0 0
199 20.8 -4.0 85.0 0 0.0 19.3 69.9 482.2 44.8 21.0 0
200 20.8 -4.0 86.0 0 0.0 19.2 69.9 482.4 45.0 21.0 0
201 20.9 -4.0 86.0 0 0.0 19.2 69.9 482.5 45.3 21.0 0
202 20.9 -4.0 86.0 0 0.0 19.1 69.9 482.7 45.5 21.0 0
203 20.9 -4.0 86.0 0 0.0 19.0 69.9 482.8 45.8 21.0 0
204 20.9 -4.0 86.0 0 0.0 19.0 69.8 482.9 46.0 21.0 0
205 21.0 -4.0 86.0 0 0.0 18.9 69.8 483.1 46.3 21.0 0
206 21.0 -4.0 86.0 0 0.0 18.8 69.8 483.2 46.6 21.0 0
207 21.0 -4.0 86.0 0 0.0 18.8 69.8 483.3 46.8 21.0 0
208 21.0 -4.0 86.0 0 0.0 18.7 69.8 483.5 47.1 21.0 0
209 21.0 -4.0 86.0 0 0.0 18.7 69.8 483.6 47.3 21.0 0
210 21.1 -4.0 86.0 0 0.0 18.6 69.8 483.7 47.6 21.0 0
211 21.1 -4.0 86.0 0 0.0 18.5 69.8 483.9 47.9 21.0 0
212 21.1 -4.0 86.0 0 0.0 18.5 69.8 484.0 48.1 21.0 0
213 21.1 -4.0 86.0 0 0.0 18.4 69.8 484.1 48.4 21.0 0
214 21.1 -4.0 86.0 0 0.0 18.4 69.8 484.3 48.6 21.0 0
215 21.1 -4.0 86.0 0 0.0 18.3 69.8 484.4 48.9 21.0 0
216 21.2 -4.0 86.0 0 0.0 18.3 69.8 484.5 49.1 21.0 0
217 21.2 -4.0 85.0 0 0.0 18.2 69.8 484.6 49.4 21.0 0
218 21.2 -4.0 85.0 0 0.0 18.2 69.8 484.7 49.7 21.0 0
219 21.2 -4.0 85.0 0 0.0 18.1 69.7 484.9 49.9 21.0 0
220 21.2 -4.0 85.0 0 0.0 18.1 69.7 485.0 50.2 21.0 0
221 21.2 -4.0 85.0 0 0.0 18.1 69.7 485.1 50.4 21.0 0
222 21.2 -4.0 84.0 0 0.0 18.0 69.7 485.2 50.7 21.0 0
223 21.2 -4.0 84.0 0 0.0 18.0 69.7 485.3 50.9 21.0 0
224 21.2 -4.0 84.0 0 0.0 17.9 69.7 485.4 51.2 21.0 0
225 21.2 -4.0 84.0 0 0.0 17.9 69.7 485.6 51.4 21.0 0
226 21.2 -4.0 84.0 0 0.0 17.9 69.7 485.7 51.7 21.0 0
227 21.2 -4.0 83.0 0 0.0 17.9 69.7 485.8 51.9 21.0 0
228 21.2 -4.0 83.0 0 0.0 17.8 69.7 485.9 52.2 21.0 0
229 21.2 -4.0 83.0 0 0.0 17.8 69.7 486.0 52.4 21.0 0
230 21.2 -4.0 83.0 0 0.0 17.8 69.7 486.1 52.7 21.0 0
231 21.2 -4.0 83.0 0 0.0 17.7 69.7 486.2 52.9 21.0 0
232 21.2 -4.0 82.0 0 0.0 17.7 69.7 486.3 53.2 21.0 0
233 21.2 -4.0 82.0 0 0.0 17.7 69.7 486.4 53.4 21.0 0
234 21.2 -4.0 82.0 0 0.0 17.7 69.6 486.5 53.7 21.0 0
235 21.2 -4.0 82.0 0 0.0 17.7 69.6 486.6 53.9 21.0 0
236 21.2 -4.0 82.0 0 0.0 17.6 69.6 486.7 54.2 21.0 0
237 21.1 -4.0 81.0 0 0.0 17.6 69.6 486.8 54.4 21.0 0
238 21.1 -4.0 81.0 0 0.0 17.6 69.6 486.9 54.6 21.0 0
239 21.1 -4.0 81.0 0 0.0 17.6 69.6 487.0 54.9 21.0 0
240 21.1 -4.0 81.0 0 0.0 17.6 69.6 487.1 55.1 21.0 0
241 21.1 -4.0 81.0 0 0.0 17.6 66.0 487.2 55.4 21.0 0
242 21.1 -4.0 81.0 0 0.0 17.5 66.0 487.3 55.6 21.0 0
243 21.1 -4.0 81.0 0 0.0 17.5 66.0 487.4 55.9 21.0 0
244 21.1 -4.0 81.0 0 0.0 17.5 66.0 487.5 56.1 21.0 0
245 21.0 -4.0 81.0 0 0.0 17.5 66.0 487.6 56.3 21.0 0
246 21.0 -4.0 80.0 0 0.0 17.5 66.0 487.7 56.6 21.0 0
247 21.0 -4.0 81.0 0 0.0 17.4 66.1 487.8 56.8 21.0 0
248 21.0 -4.0 81.0 0 0.0 17.4 66.1 487.8 57.1 21.0 0
249 21.0 -4.0 81.0 0 0.0 17.4 66.1 487.9 57.3 21.0 0
250 21.0 -4.0 81.0 0 0.0 17.4 66.1 488.0 57.6 21.0 0
251 21.0 -4.0 81.0 0 0.0 17.4 66.1 488.1 57.8 21.0 0
252 21.0 -4.0 81.0 0 0.0 17.3 66.1 488.2 58.0 21.0 0
253 21.0 -4.0 81.0 0 0.0 17.3 66.1 488.3 58.3 21.0 0
254 20.9 -4.0 81.0 0 0.0 17.3 66.1 488.4 58.5 21.0 0
255 20.9 -4.0 81.0 0 0.0 17.3 66.1 488.4 58.8 21.0 0
256 20.9 -4.0 81.0 0 0.0 17.3 66.2 488.5 59.0 21.0 0
257 20.9 -4.0 81.0 0 0.0 17.2 66.2 488.6 59.3 21.0 0
258 20.9 -4.0 81.0 0 0.0 17.2 66.2 488.7 59.5 21.0 0
259 20.9 -4.0 81.0 0 0.0 17.2 66.2 488.8 59.7 21.0 0
260 20.9 -4.0 81.0 0 0.0 17.2 66.2 488.8 60.0 21.0 0
261 20.9 -4.0 81.0 0 0.0 17.1 66.2 488.9 60.2 21.0 0
262 20.9 -4.0 81.0 0 0.0 17.1 66.2 489.0 60.5 21.0 0
263 20.9 -4.0 81.0 0 0.0 17.1 66.2 489.1 60.7 21.0 0
264 20.9 -4.0 82.0 0 0.0 17.1 66.2 489.2 61.0 21.0 0
265 20.9 -4.0 82.0 0 0.0 17.1 66.2 489.2 61.2 21.0 0
266 20.9 -4.0 82.0 0 0.0 17.0 66.2 489.3 61.4 21.0 0
267 20.9 -4.0 82.0 0 0.0 17.0 66.3 489.4 61.7 21.0 0
268 20.9 -4.0 82.0 0 0.0 17.0 66.3 489.5 61.9 21.0 0
269 20.9 -4.0 82.0 0 0.0 17.0 66.3 489.5 62.2 21.0 0
270 20.9 -4.0 82.0 0 0.0 16.9 66.3 489.6 62.4 21.0 0
271 20.9 -4.0 82.0 0 0.0 16.9 66.3 489.7 62.7 21.0 0
272 20.9 -4.0 82.0 0 0.0 16.9 66.3 489.7 62.9 21.0 0
273 20.9 -4.0 82.0 0 0.0 16.9 66.3 489.8 63.2 21.0 0
274 20.9 -4.0 83.0 0 0.0 16.8 66.3 489.9 63.4 21.0 0
275 20.9 -4.0 83.0 0 0.0 16.8 66.3 489.9 63.7 21.0 0
276 20.9 -4.0 83.0 0 0.0 16.8 66.3 490.0 63.9 21.0 0
277 20.9 -4.0 83.0 0 0.0 16.7 66.4 490.1 64.2 21.0 0
278 20.9 -4.0 83.0 0 0.0 16.7 66.4 490.1 64.4 21.0 0
279 20.9 -4.0 83.0 0 0.0 16.7 66.4 490.2 64.7 21.0 0
280 20.9 -4.0 83.0 0 0.0 16.7 66.4 490.3 64.9 21.0 0
281 20.9 -4.0 83.0 0 0.0 16.6 66.4 490.3 65.2 21.0 0
282 20.9 -4.0 83.0 0 0.0 16.6 66.4 490.4 65.4 21.0 0
283 20.9 -4.0 83.0 0 0.0 16.6 66.4 490.5 65.7 21.0 0
284 20.9 -4.0 84.0 0 0.0 16.6 66.4 490.5 65.9 21.0 0
285 20.9 -4.0 84.0 0 0.0 16.5 66.4 490.6 66.2 21.0 0
286 20.9 -4.0 84.0 0 0.0 16.5 66.5 490.6 66.4 21.0 0
287 20.9 -4.0 84.0 0 0.0 16.5 66.5 490.7 66.7 21.0 0
288 20.9 -4.0 84.0 0 0.0 16.4 66.5 490.8 66.9 21.0 0
289 20.9 -4.0 84.0 0 0.0 16.4 66.5 490.8 67.2 21.0 0
290 21.0 -4.0 84.0 0 0.0 16.4 66.5 490.9 67.4 21.0 0
291 21.0 -4.0 84.0 0 0.0 16.3 66.5 490.9 67.7 21.0 0
292 21.0 -4.0 84.0 0 0.0 16.3 66.5 491.0 67.9 21.0 0
293 21.0 -4.0 84.0 0 0.0 16.3 66.5 491.1 68.2 21.0 0
294 21.0 -4.0 84.0 0 0.0 16.3 66.5 491.1 68.4 21.0 0
295 21.0 -4.0 84.0 0 0.0 16.2 66.5 491.2 68.7 21.0 0
296 21.0 -4.0 84.0 0 0.0 16.2 66.5 491.2 68.9 21.0 0
297 21.0 -4.0 84.0 0 0.0 16.2 66.6 491.3 69.2 21.0 0
298 21.0 -4.0 84.0 0 0.0 16.2 66.6 491.3 69.4 21.0 0
299 21.0 -4.0 84.0 0 0.0 16.1 66.6 491.4 69.7 21.0 0
300 21.0 -4.0 84.0 0 0.0 16.1 66.6 491.4 69.9 21.0 0
301 21.0 -4.5 84.0 0 0.0 16.1 72.0 491.5 70.2 21.0 0
302 21.0 -4.5 84.0 0 0.0 16.1 72.0 491.5 70.4 21.0 0
303 21.0 -4.5 84.0 0 0.0 16.1 72.0 491.6 70.7 21.0 0
304 21.0 -4.5 84.0 0 0.0 16.1 72.0 491.6 71.0 21.0 0
305 21.0 -4.5 84.0 0 0.0 16.1 72.0 491.7 71.2 21.0 0
306 21.0 -4.5 84.0 0 0.0 16.1 72.0 491.7 71.5 21.0 0
307 21.0 -4.5 84.0 0 0.0 16.1 72.0 491.8 71.7 21.0 0
308 21.0 -4.5 84.0 0 0.0 16.0 72.0 491.8 72.0 21.0 0
309 21.0 -4.5 84.0 0 0.0 16.0 72.1 491.9 72.2 21.0 0
310 21.0 -4.5 84.0 0 0.0 16.0 72.1 491.9 72.5 21.0 0
311 21.0 -4.5 84.0 0 0.0 16.0 72.1 492.0 72.7 21.0 0
312 21.0 -4.5 84.0 0 0.0 16.0 72.1 492.0 73.0 21.0 0
313 21.0 -4.5 84.0 0 0.0 16.0 72.1 492.1 73.2 21.0 0
314 21.0 -4.5 84.0 0 0.0 16.0 72.1 492.1 73.5 21.0 0
315 21.0 -4.5 84.0 0 0.0 16.0 72.1 492.2 73.7 21.0 0
316 21.0 -4.5 84.0 0 0.0 16.0 72.1 492.2 74.0 21.0 0
317 21.0 -4.5 84.0 0 0.0 16.0 72.1 492.3 74.2 21.0 0
318 21.0 -4.5 84.0 0 0.0 16.0 72.1 492.3 74.5 21.0 0
319 20.9 -4.5 84.0 0 0.0 16.0 72.1 492.3 74.7 21.0 0
320 20.9 -4.5 84.0 0 0.0 16.0 72.1 492.4 75.0 21.0 0
321 20.9 -4.5 84.0 0 0.0 15.9 72.1 492.4 75.2 21.0 0
322 20.9 -4.5 84.0 0 0.0 15.9 72.1 492.5 75.5 21.0 0
323 20.9 -4.5 85.0 0 0.0 15.9 72.1 492.5 75.7 21.0 0
324 20.9 -4.5 85.0 0 0.0 15.9 72.2 492.6 76.0 21.0 0
325 20.9 -4.5 85.0 0 0.0 15.9 72.2 492.6 76.3 21.0 0
326 21.0 -4.5 85.0 0 0.0 15.9 72.2 492.6 76.5 21.0 0
327 21.0 -4.5 85.0 0 0.0 15.9 72.2 492.7 76.8 21.0 0
328 21.0 -4.5 85.0 0 0.0 15.9 72.2 492.7 77.0 21.0 0
329 21.0 -4.5 85.0 0 0.0 15.9 72.2 492.8 77.3 21.0 0
330 21.0 -4.5 85.0 0 0.0 15.8 72.2 492.8 77.5 21.0 0
331 21.0 -4.5 85.0 0 0.0 15.8 72.2 492.8 77.8 21.0 0
332 21.0 -4.5 85.0 0 0.0 15.8 72.2 492.9 78.0 21.0 0
333 21.0 -4.5 85.0 0 0.0 15.8 72.2 492.9 78.3 21.0 0
334 21.0 -4.5 85.0 0 0.0 15.8 72.2 492.9 78.5 21.0 0
335 21.0 -4.5 85.0 0 0.0 15.8 72.2 493.0 78.8 21.0 0
336 21.0 -4.5 85.0 0 0.0 15.8 72.2 493.0 79.1 21.0 0
337 21.0 -4.5 85.0 0 0.0 15.8 72.2 493.1 79.3 21.0 0
338 21.0 -4.5 85.0 0 0.0 15.8 72.2 493.1 79.6 21.0 0
339 21.0 -4.5 85.0 0 0.0 15.7 72.3 493.1 79.8 21.0 0
340 21.0 -4.5 85.0 0 0.0 15.7 72.3 493.2 80.1 21.0 0
341 21.0 -4.5 85.0 0 0.0 15.7 72.3 493.2 80.3 21.0 0
342 21.0 -4.5 85.0 0 0.0 15.7 72.3 493.2 80.6 21.0 0
343 21.0 -4.5 85.0 0 0.0 15.7 72.3 493.3 80.8 21.0 0
344 21.0 -4.5 85.0 0 0.0 15.7 72.3 493.3 81.1 21.0 0
345 21.0 -4.5 85.0 0 0.0 15.7 72.3 493.3 81.4 21.0 0
346 21.0 -4.5 85.0 0 0.0 15.7 72.3 493.4 81.6 21.0 0
347 21.0 -4.5 85.0 0 0.0 15.7 72.3 493.4 81.9 21.0 0
348 21.0 -4.5 85.0 0 0.0 15.7 72.3 493.4 82.1 21.0 0
349 21.0 -4.5 85.0 0 0.0 15.7 72.3 493.5 82.4 21.0 0
350 21.0 -4.5 85.0 0 0.0 15.6 72.3 493.5 82.6 21.0 0
351 21.0 -4.5 85.0 0 0.0 15.6 72.3 493.5 82.9 21.0 0
352 21.0 -4.5 85.0 0 0.0 15.6 72.3 493.6 83.1 21.0 0
353 21.0 -4.5 85.0 0 0.0 15.6 72.3 493.6 83.4 21.0 0
354 21.0 -4.5 85.0 0 0.0 15.6 72.4 493.6 83.6 21.0 0
355 21.0 -4.5 85.0 0 0.0 15.6 72.4 493.7 83.9 21.0 0
356 21.0 -4.5 85.0 0 0.0 15.6 72.4 493.7 84.2 21.0 0
357 21.0 -4.5 85.0 0 0.0 15.6 72.4 493.7 84.4 21.0 0
358 21.0 -4.5 85.0 0 0.0 15.6 72.4 493.7 84.7 21.0 0
359 21.0 -4.5 85.0 0 0.0 15.6 72.4 493.8 84.9 21.0 0
360 21.0 -4.5 85.0 0 0.0 15.6 72.4 493.8 85.2 21.0 0
361 21.0 -5.0 85.0 0 0.0 15.6 76.0 493.8 85.4 21.0 0
362 21.0 -5.0 85.0 0 0.0 15.6 76.0 493.9 85.7 21.0 0
363 21.0 -5.0 85.0 0 0.0 15.6 76.0 493.9 85.9 21.0 0
364 21.0 -5.0 85.0 0 0.0 15.6 76.0 493.9 86.2 21.0 0
365 21.0 -5.0 85.0 0 0.0 15.6 76.0 493.9 86.5 21.0 0
366 20.9 -5.0 85.0 0 0.0 15.6 76.0 494.0 86.7 21.0 0
367 20.9 -5.0 85.0 0 0.0 15.6 76.0 494.0 87.0 21.0 0
368 20.9 -5.0 85.0 0 0.0 15.6 76.0 494.0 87.2 21.0 0
369 20.9 -5.0 85.0 0 0.0 15.6 76.0 494.1 87.5 21.0 0
370 20.9 -5.0 85.0 0 0.0 15.6 76.0 494.1 87.7 21.0 0
371 20.9 -5.0 85.0 0 0.0 15.6 76.0 494.1 88.0 21.0 0
372 20.9 -5.0 85.0 0 0.0 15.6 76.0 494.1 88.2 21.0 0
373 20.9 -5.0 86.0 0 0.0 15.6 76.0 494.2 88.5 21.0 0
374 20.9 -5.0 86.0 0 0.0 15.6 76.0 494.2 88.8 21.0 0
375 20.9 -5.0 86.0 0 0.0 15.6 76.0 494.2 89.0 21.0 0
376 20.9 -5.0 86.0 0 0.0 15.6 76.0 494.2 89.3 21.0 0
377 20.9 -5.0 86.0 0 0.0 15.6 76.0 494.3 89.5 21.0 0
378 20.9 -5.0 86.0 0 0.0 15.6 76.0 494.3 89.8 21.0 0
379 20.9 -5.0 86.0 0 0.0 15.6 76.0 494.3 90.0 21.0 0
380 20.9 -5.0 86.0 0 0.0 15.6 76.0 494.3 90.3 21.0 0
381 20.9 -5.0 86.0 0 0.0 15.6 76.0 494.3 90.6 21.0 0
382 20.9 -5.0 86.0 0 0.0 15.6 76.0 494.4 90.8 21.0 0
383 20.9 -5.0 87.0 0 0.0 15.6 76.0 494.4 91.1 21.0 0
384 20.9 -5.0 87.0 0 0.0 15.6 76.0 494.4 91.3 21.0 0
385 20.9 -5.0 87.0 0 0.0 15.6 76.0 494.4 91.6 21.0 0
386 20.9 -5.0 87.0 0 0.0 15.6 76.0 494.5 91.9 21.0 0
387 20.9 -5.0 87.0 0 0.0 15.6 76.0 494.5 92.1 21.0 0
388 20.9 -5.0 87.0 0 0.0 15.5 76.0 494.5 92.4 21.0 0
389 20.9 -5.0 87.0 0 0.0 15.5 76.0 494.5 92.6 21.0 0
390 20.9 -5.0 87.0 0 0.0 15.5 76.0 494.5 92.9 21.0 0
391 20.9 -5.0 87.0 0 0.0 15.5 76.0 494.6 93.2 21.0 0
392 20.9 -5.0 87.0 0 0.0 15.5 76.1 494.6 93.4 21.0 0
393 20.9 -5.0 88.0 0 0.0 15.5 76.1 494.6 93.7 21.0 0
394 21.0 -5.0 88.0 0 0.0 15.5 76.1 494.6 94.0 21.0 0
395 21.0 -5.0 88.0 0 0.0 15.5 76.1 494.7 94.2 21.0 0
396 21.0 -5.0 88.0 0 0.0 15.5 76.1 494.7 94.5 21.0 0
397 21.0 -5.0 88.0 0 0.0 15.5 76.1 494.7 94.7 21.0 0
398 21.0 -5.0 88.0 0 0.0 15.5 76.1 494.7 95.0 21.0 0
399 21.0 -5.0 88.0 0 0.0 15.4 76.1 494.7 95.3 21.0 0
400 21.0 -5.0 88.0 0 0.0 15.4 76.1 494.8 95.5 21.0 0
401 21.0 -5.0 88.0 0 0.0 15.4 76.1 494.8 95.8 21.0 0
402 21.0 -5.0 88.0 0 0.0 15.4 76.1 494.8 96.1 21.0 0
403 21.0 -5.0 88.0 0 0.0 15.4 76.1 494.8 96.3 21.0 0
404 21.0 -5.0 88.0 0 0.0 15.4 76.1 494.8 96.6 21.0 0
405 21.0 -5.0 88.0 0 0.0 15.4 76.1 494.8 96.9 21.0 0
406 21.1 -5.0 88.0 0 0.0 15.4 76.1 494.9 97.1 21.0 0
407 21.1 -5.0 88.0 0 0.0 15.4 76.1 494.9 97.4 21.0 0
408 21.1 -5.0 87.0 0 0.0 15.4 76.1 494.9 97.6 21.0 0
409 21.1 -5.0 87.0 0 0.0 15.4 76.1 494.9 97.9 21.0 0
410 21.1 -5.0 87.0 0 0.0 15.4 76.1 494.9 98.2 21.0 0
411 21.1 -5.0 87.0 0 0.0 15.4 76.1 495.0 98.4 21.0 0
412 21.1 -5.0 87.0 0 0.0 15.3 76.1 495.0 98.7 21.0 0
413 21.1 -5.0 87.0 0 0.0 15.3 76.1 495.0 99.0 21.0 0
414 21.1 -5.0 87.0 0 0.0 15.3 76.1 495.0 99.2 21.0 0
415 21.1 -5.0 87.0 0 0.0 15.3 76.1 495.0 99.5 21.0 0
416 21.1 -5.0 87.0 0 0.0 15.3 76.1 495.0 99.7 21.0 0
417 21.1 -5.0 87.0 0 0.0 15.3 76.1 495.1 100.0 21.0 0
418 21.1 -5.0 86.0 0 0.0 15.3 76.1 495.1 100.3 21.0 0
419 21.1 -5.0 86.0 0 0.0 15.3 76.1 495.1 100.5 21.0 0
420 21.1 -5.0 86.0 0 0.0 15.3 76.1 495.1 100.8 21.0 0
421 21.0 -5.0 86.0 0 0.0 15.3 77.0 495.1 101.0 21.0 0
422 21.0 -5.0 86.0 0 0.0 15.3 77.0 495.1 101.3 21.0 0
423 21.0 -5.0 86.0 0 0.0 15.4 77.0 495.1 101.5 21.0 0
424 21.0 -5.0 86.0 0 0.0 15.4 77.0 495.2 101.8 21.0 0
425 21.0 -5.0 86.0 0 0.0 15.4 77.0 495.2 102.1 21.0 0
426 21.0 -5.0 86.0 0 0.0 15.4 77.0 495.2 102.3 21.0 0
427 21.0 -5.0 86.0 0 0.0 15.4 77.0 495.2 102.6 21.0 0
428 21.0 -5.0 86.0 0 0.0 15.4 77.0 495.2 102.8 21.0 0
429 21.0 -5.0 86.0 0 0.0 15.4 77.0 495.2 103.1 21.0 0
430 21.0 -5.0 86.0 0 0.0 15.4 77.0 495.3 103.4 21.0 0
431 21.0 -5.0 86.0 0 0.0 15.4 77.0 495.3 103.6 21.0 0
432 21.0 -5.0 86.0 0 0.0 15.4 77.0 495.3 103.9 21.0 0
433 21.0 -5.0 86.0 0 0.0 15.4 77.0 495.3 104.1 21.0 0
434 21.0 -5.0 86.0 0 0.0 15.4 77.0 495.3 104.4 21.0 0
435 21.0 -5.0 86.0 0 0.0 15.4 77.0 495.3 104.6 21.0 0
436 21.0 -5.0 86.0 0 0.0 15.4 77.0 495.3 104.9 21.0 0
437 21.0 -5.0 86.0 0 0.0 15.4 77.0 495.3 105.2 21.0 0
438 21.0 -5.0 86.0 0 0.0 15.4 77.0 495.4 105.4 21.0 0
439 21.0 -5.0 86.0 0 0.0 15.4 77.0 495.4 105.7 21.0 0
440 21.0 -5.0 86.0 0 0.0 15.4 77.0 495.4 105.9 21.0 0
441 21.0 -5.0 86.0 0 0.0 15.4 77.0 495.4 106.2 21.0 0
442 21.0 -5.0 86.0 0 0.0 15.4 77.0 495.4 106.4 21.0 0
443 21.0 -5.0 86.0 0 0.0 15.4 77.0 495.4 106.7 21.0 0
444 21.0 -5.0 86.0 0 0.0 15.4 77.0 495.4 107.0 21.0 0
445 21.0 -5.0 86.0 0 0.0 15.4 77.0 495.4 107.2 21.0 0
446 21.0 -5.0 86.0 0 0.0 15.4 77.0 495.5 107.5 21.0 0
447 21.0 -5.0 86.0 0 0.0 15.4 77.0 495.5 107.7 21.0 0
448 21.0 -5.0 86.0 0 0.0 15.4 77.0 495.5 108.0 21.0 0
449 21.0 -5.0 86.0 0 0.0 15.4 77.0 495.5 108.3 21.0 0
450 21.0 -5.0 86.0 0 0.0 15.4 77.0 495.5 108.5 21.0 0
451 20.9 -5.0 86.0 0 0.0 15.4 77.0 495.5 108.8 21.0 0
452 20.9 -5.0 86.0 0 0.0 15.4 77.0 495.5 109.0 21.0 0
453 20.9 -5.0 86.0 0 0.0 15.4 77.0 495.5 109.3 21.0 0
454 20.9 -5.0 86.0 0 0.0 15.4 77.0 495.6 109.5 21.0 0
455 20.9 -5.0 87.0 0 0.0 15.4 77.0 495.6 109.8 21.0 0
456 21.0 -5.0 87.0 0 0.0 15.4 77.0 495.6 110.1 21.0 0
457 21.0 -5.0 87.0 0 0.0 15.4 77.0 495.6 110.3 21.0 0
458 21.0 -5.0 87.0 0 0.0 15.4 77.0 495.6 110.6 21.0 0
459 21.0 -5.0 87.0 0 0.0 15.4 77.0 495.6 110.8 21.0 0
460 21.0 -5.0 87.0 0 0.0 15.4 77.0 495.6 111.1 21.0 0
461 21.0 -5.0 87.0 0 0.0 15.4 77.0 495.6 111.4 21.0 0
462 21.0 -5.0 87.0 0 0.0 15.4 77.0 495.6 111.6 21.0 0
463 21.0 -5.0 87.0 0 0.0 15.4 77.0 495.7 111.9 21.0 0
464 21.0 -5.0 87.0 0 0.0 15.4 77.0 495.7 112.2 21.0 0
465 21.0 -5.0 87.0 0 0.0 15.4 77.0 495.7 112.4 21.0 0
466 21.0 -5.0 87.0 0 0.0 15.4 77.0 495.7 112.7 21.0 0
467 21.0 -5.0 87.0 0 0.0 15.4 77.0 495.7 112.9 21.0 0
468 21.0 -5.0 87.0 0 0.0 15.4 77.0 495.7 113.2 21.0 0
469 21.0 -5.0 87.0 0 0.0 15.4 77.0 495.7 113.5 21.0 0
470 21.0 -5.0 87.0 0 0.0 15.4 77.0 495.7 113.7 21.0 0
471 21.0 -5.0 87.0 0 0.0 15.4 77.0 495.7 114.0 21.0 0
472 21.0 -5.0 87.0 0 0.0 15.4 77.0 495.7 114.2 21.0 0
473 21.0 -5.0 87.0 0 0.0 15.4 77.0 495.7 114.5 21.0 0
474 21.0 -5.0 87.0 0 0.0 15.4 77.0 495.8 114.8 21.0 0
475 21.0 -5.0 87.0 0 0.0 15.4 77.0 495.8 115.0 21.0 0
476 21.0 -5.0 87.0 0 0.0 15.4 77.0 495.8 115.3 21.0 0
477 21.0 -5.0 87.0 0 0.0 15.4 77.0 495.8 115.5 21.0 0
478 21.0 -5.0 87.0 0 0.0 15.4 77.0 495.8 115.8 21.0 0
479 21.0 -5.0 87.0 0 0.0 15.4 77.0 495.8 116.1 21.0 0
480 21.0 -5.0 87.0 0 0.0 15.3 77.0 495.8 116.3 21.0 0
481 21.0 -4.5 87.0 0 0.0 15.3 77.0 495.8 116.6 21.0 0
482 21.1 -4.5 87.0 0 0.0 15.3 77.0 495.8 116.9 21.0 0
483 21.1 -4.5 87.0 0 0.0 15.3 77.0 495.8 117.1 21.0 0
484 21.1 -4.5 86.0 0 0.0 15.3 77.0 495.8 117.4 21.0 0
485 21.1 -4.5 86.0 0 0.0 15.3 77.0 495.9 117.6 21.0 0
486 21.1 -4.5 86.0 0 0.0 15.3 77.0 495.9 117.9 21.0 0
487 21.1 -4.5 86.0 0 0.0 15.3 77.0 495.9 118.1 21.0 0
488 21.1 -4.5 86.0 0 0.0 15.3 77.0 495.9 118.4 21.0 0
489 21.1 -4.5 86.0 0 0.0 15.3 77.0 495.9 118.7 21.0 0
490 21.1 -4.5 86.0 0 0.0 15.3 77.0 495.9 118.9 21.0 0
491 21.1 -4.5 86.0 0 0.0 15.3 77.0 495.9 119.2 21.0 0
492 21.1 -4.5 86.0 0 0.0 15.3 77.0 495.9 119.4 21.0 0
493 21.1 -4.5 86.0 0 0.0 15.3 77.0 495.9 119.7 21.0 0
494 21.1 -4.5 85.0 0 0.0 15.3 77.0 495.9 119.9 21.0 0
495 21.1 -4.5 85.0 0 0.0 15.3 77.0 495.9 120.2 21.0 0
496 21.1 -4.5 85.0 0 0.0 15.3 77.0 495.9 120.5 21.0 0
497 21.1 -4.5 85.0 0 0.0 15.3 77.1 495.9 120.7 21.0 0
498 21.1 -4.5 85.0 0 0.0 15.3 77.1 496.0 121.0 21.0 0
499 21.1 -4.5 85.0 0 0.0 15.4 77.1 496.0 121.2 21.0 0
500 21.1 -4.5 85.0 0 0.0 15.4 77.1 496.0 121.5 21.0 0
501 21.1 -4.5 85.0 0 0.0 15.4 77.1 496.0 121.7 21.0 0
502 21.1 -4.5 85.0 0 0.0 15.4 77.1 496.0 122.0 21.0 0
503 21.1 -4.5 85.0 0 0.0 15.4 77.1 496.0 122.2 21.0 0
504 21.1 -4.5 84.0 0 0.0 15.4 77.1 496.0 122.5 21.0 0
505 21.1 -4.5 84.0 0 0.0 15.4 77.1 496.0 122.7 21.0 0
506 21.1 -4.5 84.0 0 0.0 15.4 77.1 496.0 123.0 21.0 0
507 21.1 -4.5 84.0 0 0.0 15.4 77.1 496.0 123.3 21.0 0
508 21.1 -4.5 84.0 0 0.0 15.4 77.1 496.0 123.5 21.0 0
509 21.1 -4.5 84.0 0 0.0 15.4 77.1 496.0 123.8 21.0 0
510 21.1 -4.5 84.0 0 0.0 15.4 77.1 496.0 124.0 21.0 0
511 21.1 -4.5 84.0 0 0.0 15.4 77.1 496.0 124.3 21.0 0
512 21.1 -4.5 84.0 0 0.0 15.5 77.1 496.0 124.5 21.0 0
513 21.1 -4.5 84.0 0 0.0 15.5 77.1 496.1 124.8 21.0 0
514 21.1 -4.5 83.0 0 0.0 15.5 77.1 496.1 125.0 21.0 0
515 21.0 -4.5 83.0 0 0.0 15.5 77.1 496.1 125.3 21.0 0
516 21.0 -4.5 83.0 0 0.0 15.5 77.1 496.1 125.5 21.0 0
517 21.0 -4.5 83.0 0 0.0 15.5 77.1 496.1 125.8 21.0 0
518 21.0 -4.5 83.0 0 0.0 15.5 77.1 496.1 126.0 21.0 0
519 21.0 -4.5 83.0 0 0.0 15.5 77.1 496.1 126.3 21.0 0
520 21.0 -4.5 83.0 0 0.0 15.6 77.1 496.1 126.5 21.0 0
521 21.0 -4.5 83.0 0 0.0 15.6 77.1 496.1 126.8 21.0 0
522 21.0 -4.5 83.0 0 0.0 15.6 77.1 496.1 127.0 21.0 0
523 21.0 -4.5 83.0 0 0.0 15.6 77.1 496.1 127.3 21.0 0
524 21.0 -4.5 83.0 0 0.0 15.6 77.1 496.1 127.5 21.0 0
525 21.0 -4.5 83.0 0 0.0 15.6 77.1 496.1 127.8 21.0 0
526 20.9 -4.5 83.0 0 0.0 15.6 77.2 496.1 128.0 21.0 0
527 20.9 -4.5 83.0 0 0.0 15.6 77.2 496.1 128.2 21.0 0
528 20.9 -4.5 84.0 0 0.0 15.6 77.2 496.1 128.5 21.0 0
529 20.9 -4.5 84.0 0 0.0 15.6 77.2 496.1 128.8 21.0 0
530 20.9 -4.5 84.0 0 0.0 15.6 77.2 496.1 129.0 21.0 0
531 20.9 -4.5 84.0 0 0.0 15.7 77.2 496.2 129.3 21.0 0
532 20.9 -4.5 84.0 0 0.0 15.7 77.2 496.2 129.5 21.0 0
533 20.9 -4.5 84.0 0 0.0 15.7 77.2 496.2 129.8 21.0 0
534 20.9 -4.5 84.0 0 0.0 15.7 77.2 496.2 130.0 21.0 0
535 20.9 -4.5 84.0 0 0.0 15.7 77.2 496.2 130.3 21.0 0
536 20.9 -4.5 84.0 0 0.0 15.7 77.2 496.2 130.5 21.0 0
537 20.9 -4.5 84.0 0 0.0 15.7 77.2 496.2 130.8 21.0 0
538 20.9 -4.5 85.0 0 0.0 15.7 77.2 496.2 131.0 21.0 0
539 20.9 -4.5 85.0 0 0.0 15.7 77.2 496.2 131.3 21.0 0
540 20.9 -4.5 85.0 0 0.0 15.7 77.2 496.2 131.5 21.0 0
541 21.0 -4.0 85.0 0 0.0 15.7 79.0 496.2 131.8 21.0 0
542 21.0 -4.0 85.0 0 0.0 15.7 79.0 496.2 132.0 21.0 0
543 21.0 -4.0 85.0 0 0.0 15.7 79.0 496.2 132.3 21.0 0
544 21.0 -4.0 85.0 0 0.0 15.7 79.0 496.2 132.6 21.0 0
545 21.0 -4.0 85.0 0 0.0 15.7 79.0 496.2 132.8 21.0 0
546 21.0 -4.0 85.0 0 0.0 15.7 79.0 496.2 133.1 21.0 0
547 21.0 -4.0 85.0 0 0.0 15.7 79.0 496.2 133.3 21.0 0
548 21.1 -4.0 85.0 0 0.0 15.7 78.9 496.2 133.6 21.0 0
549 21.1 -4.0 85.0 0 0.0 15.7 78.9 496.2 133.8 21.0 0
550 21.1 -4.0 85.0 0 0.0 15.7 78.9 496.2 134.1 21.0 0
551 21.1 -4.0 85.0 0 0.0 15.7 78.9 496.2 134.3 21.0 0
552 21.1 -4.0 84.0 0 0.0 15.7 78.9 496.3 134.6 21.0 0
553 21.1 -4.0 84.0 0 0.0 15.7 78.9 496.3 134.8 21.0 0
554 21.1 -4.0 84.0 0 0.0 15.7 78.9 496.3 135.1 21.0 0
555 21.1 -4.0 84.0 0 0.0 15.7 78.9 496.3 135.3 21.0 0
556 21.1 -4.0 84.0 0 0.0 15.7 78.9 496.3 135.6 21.0 0
557 21.1 -4.0 84.0 0 0.0 15.7 78.9 496.3 135.9 21.0 0
558 21.1 -4.0 84.0 0 0.0 15.7 78.9 496.3 136.1 21.0 0
559 21.1 -4.0 84.0 0 0.0 15.7 78.8 496.3 136.4 21.0 0
560 21.1 -4.0 84.0 0 0.0 15.7 78.8 496.3 136.6 21.0 0
561 21.1 -3.9 84.0 0 0.0 15.7 78.8 496.3 136.9 21.0 0
562 21.1 -3.9 83.0 0 0.0 15.7 78.8 496.3 137.1 21.0 0
563 21.1 -3.9 83.0 0 0.0 15.7 78.8 496.3 137.4 21.0 0
564 21.1 -3.9 83.0 0 0.0 15.7 78.8 496.3 137.6 21.0 0
565 21.1 -3.9 83.0 0 0.0 15.8 78.8 496.3 137.9 21.0 0
566 21.1 -3.9 83.0 0 0.0 15.8 78.8 496.3 138.1 21.0 0
567 21.1 -3.9 83.0 0 0.0 15.8 78.8 496.3 138.4 21.0 0
568 21.1 -3.9 83.0 0 0.0 15.8 78.8 496.3 138.6 21.0 0
569 21.1 -3.9 83.0 0 0.0 15.8 78.8 496.3 138.9 21.0 0
570 21.1 -3.9 83.0 0 0.0 15.8 78.8 496.3 139.1 21.0 0
571 21.1 -3.9 83.0 0 0.0 15.8 78.8 496.3 139.3 21.0 0
572 21.1 -3.9 82.0 0 0.0 15.8 78.7 496.3 139.6 21.0 0
573 21.1 -3.9 82.0 0 0.0 15.8 78.7 496.3 139.8 21.0 0
574 21.1 -3.9 82.0 0 0.0 15.8 78.7 496.3 140.1 21.0 0
575 21.1 -3.9 82.0 0 0.0 15.9 78.7 496.3 140.3 21.0 0
576 21.1 -3.9 82.0 0 0.0 15.9 78.7 496.3 140.6 21.0 0
577 21.1 -3.9 82.0 0 0.0 15.9 78.7 496.3 140.8 21.0 0
578 21.1 -3.9 82.0 0 0.0 15.9 78.7 496.3 141.1 21.0 0
579 21.1 -3.9 82.0 0 0.0 15.9 78.7 496.3 141.3 21.0 0
580 21.1 -3.9 82.0 0 0.0 15.9 78.7 496.4 141.6 21.0 0
581 21.1 -3.9 82.0 0 0.0 15.9 78.7 496.4 141.8 21.0 0
582 21.1 -3.9 81.0 0 0.0 16.0 78.7 496.4 142.1 21.0 0
583 21.1 -3.9 81.0 0 0.0 16.0 78.7 496.4 142.3 21.0 0
584 21.1 -3.9 81.0 0 0.0 16.0 78.6 496.4 142.5 21.0 0
585 21.1 -3.9 81.0 0 0.0 16.0 78.6 496.4 142.8 21.0 0
586 21.0 -3.9 81.0 0 0.0 16.0 78.6 496.4 143.0 21.0 0
587 21.0 -3.9 81.0 0 0.0 16.0 78.6 496.4 143.3 21.0 0
588 21.0 -3.9 81.0 0 0.0 16.1 78.6 496.4 143.5 21.0 0
589 21.0 -3.9 81.0 0 0.0 16.1 78.6 496.4 143.8 21.0 0
590 21.0 -3.9 81.0 0 0.0 16.1 78.6 496.4 144.0 21.0 0
591 21.0 -3.9 81.0 0 0.0 16.1 78.6 496.4 144.2 21.0 0
592 21.0 -3.9 81.0 0 0.0 16.1 78.6 496.4 144.5 21.0 0
593 21.0 -3.9 81.0 0 0.0 16.1 78.6 496.4 144.7 21.0 0
594 21.0 -3.9 81.0 0 0.0 16.1 78.6 496.4 145.0 21.0 0
595 21.0 -3.9 81.0 0 0.0 16.2 78.5 496.4 145.2 21.0 0
596 21.0 -3.9 81.0 0 0.0 16.2 78.5 496.4 145.5 21.0 0
597 21.0 -3.9 81.0 0 0.0 16.2 78.5 496.4 145.7 21.0 0
598 21.0 -3.9 81.0 0 0.0 16.2 78.5 496.4 145.9 21.0 0
599 21.0 -3.9 81.0 0 0.0 16.2 78.5 496.4 146.2 21.0 0
600 20.9 -3.9 81.0 0 0.0 16.2 78.5 496.4 146.4 21.0 0
601 21.0 -2.5 81.0 0 0.0 16.2 74.0 496.4 146.7 21.0 0
602 21.0 -2.5 81.0 0 0.0 16.2 74.0 496.4 146.9 21.0 0
603 21.0 -2.5 81.0 0 0.0 16.2 74.0 496.4 147.2 21.0 0
604 21.0 -2.5 81.0 0 0.0 16.2 74.0 496.4 147.4 21.0 0
605 21.1 -2.5 81.0 0 0.0 16.2 74.0 496.4 147.6 21.0 0
606 21.1 -2.5 81.0 0 0.0 16.2 74.0 496.4 147.9 21.0 0
607 21.1 -2.5 81.0 0 0.0 16.1 74.0 496.4 148.1 21.0 0
608 21.1 -2.5 81.0 0 0.0 16.1 73.9 496.4 148.4 21.0 0
609 21.2 -2.5 81.0 0 0.0 16.1 73.9 496.4 148.6 21.0 0
610 21.2 -2.5 81.0 0 0.0 16.1 73.9 496.4 148.9 21.0 0
611 21.2 -2.5 80.0 0 0.0 16.1 73.9 496.4 149.1 21.0 0
612 21.2 -2.5 80.0 0 0.0 16.1 73.9 496.4 149.3 21.0 0
613 21.2 -2.5 80.0 0 0.0 16.1 73.9 496.4 149.6 21.0 0
614 21.2 -2.5 80.0 0 0.0 16.1 73.9 496.4 149.8 21.0 0
615 21.3 -2.5 80.0 0 0.0 16.1 73.9 496.4 150.1 21.0 0
616 21.3 -2.5 79.0 0 0.0 16.1 73.9 496.4 150.3 21.0 0
617 21.3 -2.5 79.0 0 0.0 16.1 73.9 496.5 150.5 21.0 0
618 21.3 -2.5 79.0 0 0.0 16.1 73.9 496.5 150.8 21.0 0
619 21.3 -2.5 78.0 0 0.0 16.1 73.8 496.5 151.0 21.0 0
620 21.3 -2.5 78.0 0 0.0 16.1 73.8 496.5 151.2 21.0 0
621 21.3 -2.4 78.0 0 0.0 16.2 73.8 496.5 151.5 21.0 0
622 21.3 -2.4 77.0 0 0.0 16.2 73.8 496.5 151.7 21.0 0
623 21.3 -2.4 77.0 0 0.0 16.2 73.8 496.5 151.9 21.0 0
624 21.3 -2.4 77.0 0 0.0 16.2 73.8 496.5 152.2 21.0 0
625 21.3 -2.4 77.0 0 0.0 16.2 73.8 496.5 152.4 21.0 0
626 21.3 -2.4 76.0 0 0.0 16.2 73.8 496.5 152.6 21.0 0
627 21.2 -2.4 76.0 0 0.0 16.2 73.8 496.5 152.8 21.0 0
628 21.2 -2.4 76.0 0 0.0 16.3 73.8 496.5 153.1 21.0 0
629 21.2 -2.4 76.0 0 0.0 16.3 73.8 496.5 153.3 21.0 0
630 21.2 -2.4 75.0 0 0.0 16.3 73.8 496.5 153.5 21.0 0
631 21.2 -2.4 75.0 0 0.0 16.3 73.8 496.5 153.8 21.0 0
632 21.2 -2.4 75.0 0 0.0 16.4 73.7 496.5 154.0 21.0 0
633 21.2 -2.4 75.0 0 0.0 16.4 73.7 496.5 154.2 21.0 0
634 21.2 -2.4 75.0 0 0.0 16.4 73.7 496.5 154.4 21.0 0
635 21.1 -2.4 74.0 0 0.0 16.4 73.7 496.5 154.7 21.0 0
636 21.1 -2.4 74.0 0 0.0 16.5 73.7 496.5 154.9 21.0 0
637 21.1 -2.4 74.0 0 0.0 16.5 73.7 496.5 155.1 21.0 0
638 21.1 -2.4 74.0 0 0.0 16.5 73.7 496.5 155.3 21.0 0
639 21.1 -2.4 74.0 0 0.0 16.5 73.7 496.5 155.5 21.0 0
640 21.0 -2.4 74.0 0 0.0 16.6 73.7 496.5 155.8 21.0 0
641 21.0 -2.4 74.0 0 0.0 16.6 73.7 496.5 156.0 21.0 0
642 21.0 -2.4 74.0 0 0.0 16.6 73.7 496.5 156.2 21.0 0
643 21.0 -2.4 74.0 0 0.0 16.6 73.7 496.5 156.4 21.0 0
644 21.0 -2.4 74.0 0 0.0 16.7 73.6 496.5 156.7 21.0 0
645 21.0 -2.4 74.0 0 0.0 16.7 73.6 496.5 156.9 21.0 0
646 21.0 -2.4 74.0 0 0.0 16.7 73.6 496.5 157.1 21.0 0
647 20.9 -2.4 74.0 0 0.0 16.7 73.6 496.5 157.3 21.0 0
648 20.9 -2.4 74.0 0 0.0 16.7 73.6 496.5 157.5 21.0 0
649 20.9 -2.4 74.0 0 0.0 16.8 73.6 496.5 157.8 21.0 0
650 20.9 -2.4 74.0 0 0.0 16.8 73.6 496.5 158.0 21.0 0
651 20.9 -2.4 74.0 0 0.0 16.8 73.6 496.5 158.2 21.0 0
652 20.9 -2.4 74.0 0 0.0 16.8 73.6 496.5 158.4 21.0 0
653 20.9 -2.4 74.0 0 0.0 16.8 73.6 496.5 158.6 21.0 0
654 20.9 -2.4 75.0 0 0.0 16.9 73.6 496.5 158.9 21.0 0
655 20.9 -2.4 75.0 0 0.0 16.9 73.5 496.5 159.1 21.0 0
656 20.9 -2.4 75.0 0 0.0 16.9 73.5 496.5 159.3 21.0 0
657 20.9 -2.4 75.0 0 0.0 16.9 73.5 496.5 159.5 21.0 0
658 20.8 -2.4 75.0 0 0.0 16.9 73.5 496.5 159.8 21.0 0
659 20.8 -2.4 75.0 0 0.0 16.9 73.5 496.5 160.0 21.0 0
660 20.8 -2.4 75.0 0 0.0 16.9 73.5 496.5 160.2 21.0 0
661 20.9 -1.0 76.0 0 0.0 16.9 69.0 496.5 160.5 21.0 0
662 20.9 -1.0 76.0 0 0.0 16.9 69.0 496.5 160.7 21.0 0
663 20.9 -1.0 76.0 0 0.0 16.9 69.0 496.5 160.9 21.0 0
664 21.0 -1.0 76.0 0 0.0 16.9 69.0 496.5 161.1 21.0 0
665 21.0 -1.0 76.0 0 0.0 16.8 68.9 496.5 161.4 21.0 0
666 21.0 -1.0 76.0 0 0.0 16.8 68.9 496.5 161.6 21.0 0
667 21.1 -1.0 76.0 0 0.0 16.8 68.9 496.5 161.8 21.0 0
668 21.1 -1.0 76.0 0 0.0 16.8 68.9 496.5 162.0 21.0 0
669 21.1 -1.0 76.0 0 0.0 16.8 68.9 496.5 162.3 21.0 0
670 21.1 -1.0 76.0 0 0.0 16.7 68.9 496.5 162.5 21.0 0
671 21.2 -1.0 75.0 0 0.0 16.7 68.8 496.5 162.7 21.0 0
672 21.2 -1.0 75.0 0 0.0 16.7 68.8 496.5 163.0 21.0 0
673 21.2 -0.9 75.0 0 0.0 16.7 68.8 496.5 163.2 21.0 0
674 21.2 -0.9 75.0 0 0.0 16.7 68.8 496.5 163.4 21.0 0
675 21.3 -0.9 75.0 0 0.0 16.7 68.8 496.5 163.6 21.0 0
676 21.3 -0.9 74.0 0 0.0 16.7 68.8 496.5 163.9 21.0 0
677 21.3 -0.9 74.0 0 0.0 16.7 68.8 496.5 164.1 21.0 0
678 21.3 -0.9 74.0 0 0.0 16.7 68.7 496.5 164.3 21.0 0
679 21.3 -0.9 73.0 0 0.0 16.7 68.7 496.6 164.5 21.0 0
680 21.3 -0.9 73.0 0 0.0 16.7 68.7 496.6 164.7 21.0 0
681 21.3 -0.9 73.0 0 0.0 16.7 68.7 496.6 165.0 21.0 0
682 21.3 -0.9 73.0 0 0.0 16.7 68.7 496.6 165.2 21.0 0
683 21.3 -0.9 72.0 0 0.0 16.7 68.7 496.6 165.4 21.0 0
684 21.3 -0.9 72.0 0 0.0 16.7 68.7 496.6 165.6 21.0 0
685 21.3 -0.9 72.0 0 0.0 16.7 68.6 496.6 165.8 21.0 0
686 21.3 -0.9 71.0 0 0.0 16.8 68.6 496.6 166.0 21.0 0
687 21.3 -0.9 71.0 0 0.0 16.8 68.6 496.6 166.2 21.0 0
688 21.3 -0.9 71.0 0 0.0 16.8 68.6 496.6 166.5 21.0 0
689 21.3 -0.9 70.0 0 0.0 16.8 68.6 496.6 166.7 21.0 0
690 21.3 -0.9 70.0 0 0.0 16.8 68.6 496.6 166.9 21.0 0
691 21.3 -0.9 70.0 0 0.0 16.8 68.5 496.6 167.1 21.0 0
692 21.3 -0.9 70.0 0 0.0 16.9 68.5 496.6 167.3 21.0 0
693 21.3 -0.9 69.0 0 0.0 16.9 68.5 496.6 167.5 21.0 0
694 21.2 -0.9 69.0 0 0.0 16.9 68.5 496.6 167.7 21.0 0
695 21.2 -0.9 69.0 0 0.0 16.9 68.5 496.6 167.9 21.0 0
696 21.2 -0.9 69.0 0 0.0 17.0 68.5 496.6 168.1 21.0 0
697 21.2 -0.9 68.0 0 0.0 17.0 68.5 496.6 168.3 21.0 0
698 21.2 -0.8 68.0 0 0.0 17.0 68.4 496.6 168.5 21.0 0
699 21.2 -0.8 68.0 0 0.0 17.0 68.4 496.6 168.7 21.0 0
700 21.1 -0.8 68.0 0 0.0 17.1 68.4 496.6 168.9 21.0 0
701 21.1 -0.8 68.0 0 0.0 17.1 68.4 496.6 169.1 21.0 0
702 21.1 -0.8 68.0 0 0.0 17.1 68.4 496.6 169.3 21.0 0
703 21.1 -0.8 67.0 0 0.0 17.2 68.4 496.6 169.6 21.0 0
704 21.1 -0.8 67.0 0 0.0 17.2 68.4 496.6 169.8 21.0 0
705 21.0 -0.8 67.0 0 0.0 17.2 68.3 496.6 170.0 21.0 0
706 21.0 -0.8 67.0 0 0.0 17.2 68.3 496.6 170.2 21.0 0
707 21.0 -0.8 67.0 0 0.0 17.3 68.3 496.6 170.4 21.0 0
708 21.0 -0.8 67.0 0 0.0 17.3 68.3 496.6 170.6 21.0 0
709 21.0 -0.8 67.0 0 0.0 17.3 68.3 496.6 170.8 21.0 0
710 20.9 -0.8 67.0 0 0.0 17.4 68.3 496.6 171.0 21.0 0
711 20.9 -0.8 67.0 0 0.0 17.4 68.2 496.6 171.2 21.0 0
712 20.9 -0.8 67.0 0 0.0 17.4 68.2 496.6 171.4 21.0 0
713 20.9 -0.8 68.0 0 0.0 17.4 68.2 496.6 171.6 21.0 0
714 20.9 -0.8 68.0 0 0.0 17.4 68.2 496.6 171.8 21.0 0
715 20.9 -0.8 68.0 0 0.0 17.5 68.2 496.6 172.0 21.0 0
716 20.9 -0.8 68.0 0 0.0 17.5 68.2 496.6 172.2 21.0 0
717 20.8 -0.8 68.0 0 0.0 17.5 68.2 496.6 172.4 21.0 0
718 20.8 -0.8 68.0 0 0.0 17.5 68.1 496.6 172.6 21.0 0
719 20.8 -0.8 68.0 0 0.0 17.5 68.1 496.6 172.8 21.0 0
720 20.8 -0.8 69.0 0 0.0 17.5 68.1 496.6 173.0 21.0 0
721 20.9 1.5 69.0 0 0.0 17.5 60.0 496.6 173.2 21.0 0
722 20.9 1.5 69.0 0 0.0 17.5 60.0 496.6 173.4 21.0 0
723 21.0 1.5 69.0 0 0.0 17.4 60.0 496.6 173.6 21.0 0
724 21.0 1.5 69.0 0 0.0 17.4 60.0 496.6 173.8 21.0 0
725 21.1 1.5 69.0 0 0.0 17.4 60.0 496.6 174.0 21.0 0
726 21.1 1.5 69.0 0 0.0 17.3 60.0 496.6 174.2 21.0 0
727 21.2 1.5 69.0 0 0.0 17.3 60.0 496.6 174.4 21.0 0
728 21.2 1.5 69.0 0 0.0 17.3 60.0 496.6 174.7 21.0 0
729 21.2 1.5 68.0 0 0.0 17.2 60.0 496.6 174.9 21.0 0
730 21.3 1.5 68.0 0 0.0 17.2 60.0 496.6 175.1 21.0 0
731 21.3 1.5 68.0 0 0.0 17.2 60.0 496.6 175.3 21.0 0
732 21.3 1.5 68.0 0 0.0 17.2 59.9 496.6 175.5 21.0 0
733 21.4 1.5 67.0 0 0.0 17.1 59.9 496.6 175.7 21.0 0
734 21.4 1.5 67.0 0 0.0 17.1 59.9 496.6 175.9 21.0 0
735 21.4 1.5 66.0 0 0.0 17.1 59.9 496.6 176.1 21.0 0
736 21.4 1.5 66.0 0 0.0 17.1 59.9 496.6 176.3 21.0 0
737 21.5 1.5 66.0 0 0.0 17.1 59.9 496.6 176.5 21.0 0
738 21.5 1.5 65.0 0 0.0 17.1 59.9 496.6 176.7 21.0 0
739 21.5 1.5 65.0 0 0.0 17.1 59.9 496.6 176.9 21.0 0
740 21.5 1.5 64.0 0 0.0 17.1 59.9 496.6 177.0 21.0 0
741 21.5 1.6 64.0 0 0.0 17.1 59.9 496.6 177.2 21.0 0
742 21.5 1.6 63.0 0 0.0 17.1 59.9 496.6 177.4 21.0 0
743 21.5 1.6 63.0 0 0.0 17.1 59.9 496.6 177.6 21.0 0
744 21.5 1.6 62.0 0 0.0 17.1 59.9 496.6 177.8 21.0 0
745 21.5 1.6 62.0 0 0.0 17.2 59.9 496.6 178.0 21.0 0
746 21.5 1.6 61.0 0 0.0 17.2 59.9 496.6 178.2 21.0 0
747 21.5 1.6 61.0 0 0.0 17.2 59.9 496.6 178.4 21.0 0
748 21.4 1.6 60.0 0 0.0 17.2 59.9 496.6 178.5 21.0 0
749 21.4 1.6 60.0 0 0.0 17.2 59.9 496.6 178.7 21.0 0
750 21.4 1.6 59.0 0 0.0 17.3 59.9 496.6 178.9 21.0 0
751 21.4 1.6 59.0 0 0.0 17.3 59.8 496.6 179.1 21.0 0
752 21.4 1.6 59.0 0 0.0 17.3 59.8 496.6 179.2 21.0 0
753 21.3 1.6 58.0 0 0.0 17.4 59.8 496.6 179.4 21.0 0
754 21.3 1.6 58.0 0 0.0 17.4 59.8 496.6 179.6 21.0 0
755 21.3 1.6 58.0 0 0.0 17.4 59.8 496.6 179.8 21.0 0
756 21.3 1.6 57.0 0 0.0 17.5 59.8 496.6 179.9 21.0 0
757 21.2 1.6 57.0 0 0.0 17.5 59.8 496.6 180.1 21.0 0
758 21.2 1.6 57.0 0 0.0 17.6 59.8 496.6 180.3 21.0 0
759 21.2 1.6 57.0 0 0.0 17.6 59.8 496.6 180.4 21.0 0
760 21.1 1.6 56.0 0 0.0 17.6 59.8 496.6 180.6 21.0 0
761 21.1 1.6 56.0 0 0.0 17.7 59.8 496.6 180.8 21.0 0
762 21.1 1.6 56.0 0 0.0 17.7 59.8 496.6 181.0 21.0 0
763 21.0 1.6 56.0 0 0.0 17.8 59.8 496.6 181.1 21.0 0
764 21.0 1.6 56.0 0 0.0 17.8 59.8 496.6 181.3 21.0 0
765 21.0 1.6 56.0 0 0.0 17.9 59.8 496.6 181.5 21.0 0
766 20.9 1.6 56.0 0 0.0 17.9 59.8 496.6 181.6 21.0 0
767 20.9 1.6 56.0 0 0.0 17.9 59.8 496.6 181.8 21.0 0
768 20.9 1.6 56.0 0 0.0 18.0 59.8 496.6 182.0 21.0 0
769 20.9 1.6 56.0 0 0.0 18.0 59.8 496.6 182.1 21.0 0
770 20.8 1.6 56.0 0 0.0 18.0 59.8 496.6 182.3 21.0 0
771 20.8 1.6 57.0 0 0.0 18.1 59.8 496.6 182.5 21.0 0
772 20.8 1.6 57.0 0 0.0 18.1 59.7 496.6 182.6 21.0 0
773 20.8 1.6 57.0 0 0.0 18.1 59.7 496.6 182.8 21.0 0
774 20.8 1.6 57.0 0 0.0 18.1 59.7 496.6 183.0 21.0 0
775 20.8 1.6 57.0 0 0.0 18.2 59.7 496.6 183.2 21.0 0
776 20.7 1.6 58.0 0 0.0 18.2 59.7 496.6 183.3 21.0 0
777 20.7 1.6 58.0 0 0.0 18.2 59.7 496.6 183.5 21.0 0
778 20.7 1.6 58.0 0 0.0 18.2 59.7 496.6 183.7 21.0 0
779 20.7 1.6 59.0 0 0.0 18.2 59.7 496.6 183.9 21.0 0
780 20.7 1.6 59.0 0 0.0 18.3 59.7 496.6 184.0 21.0 0
781 20.7 3.0 59.0 0 0.0 18.2 57.0 496.6 184.2 21.0 0
782 20.8 3.0 59.0 0 0.0 18.2 57.0 496.6 184.4 21.0 0
783 20.8 3.0 60.0 0 0.0 18.2 57.0 496.6 184.6 21.0 0
784 20.8 3.0 60.0 0 0.0 18.2 57.0 496.6 184.7 21.0 0
785 20.9 3.0 60.0 0 0.0 18.2 57.0 496.6 184.9 21.0 0
786 20.9 3.0 60.0 0 0.0 18.1 57.0 496.6 185.1 21.0 0
787 20.9 3.0 60.0 0 0.0 18.1 56.9 496.6 185.3 21.0 0
788 21.0 3.0 60.0 0 0.0 18.1 56.9 496.6 185.5 21.0 0
789 21.0 3.0 60.0 0 0.0 18.1 56.9 496.6 185.6 21.0 0
790 21.0 3.0 60.0 0 0.0 18.1 56.9 496.6 185.8 21.0 0
791 21.0 3.0 60.0 0 0.0 18.1 56.9 496.6 186.0 21.0 0
792 21.1 3.0 60.0 0 0.0 18.0 56.9 496.6 186.2 21.0 0
793 21.1 3.0 60.0 0 0.0 18.0 56.9 496.6 186.4 21.0 0
794 21.1 3.0 60.0 0 0.0 18.0 56.9 496.6 186.5 21.0 0
795 21.1 3.0 60.0 0 0.0 18.0 56.9 496.6 186.7 21.0 0
796 21.2 3.0 60.0 0 0.0 18.0 56.9 496.6 186.9 21.0 0
797 21.2 3.0 60.0 0 0.0 18.0 56.8 496.6 187.1 21.0 0
798 21.2 3.0 60.0 0 0.0 18.0 56.8 496.6 187.3 21.0 0
799 21.2 3.0 59.0 0 0.0 18.0 56.8 496.6 187.4 21.0 0
800 21.3 3.0 59.0 0 0.0 18.0 56.8 496.6 187.6 21.0 0
801 21.3 3.0 59.0 0 0.0 18.0 56.8 496.6 187.8 21.0 0
802 21.3 3.0 59.0 0 0.0 18.0 56.8 496.6 188.0 21.0 0
803 21.3 3.0 58.0 0 0.0 18.0 56.8 496.6 188.1 21.0 0
804 21.3 3.0 58.0 0 0.0 18.0 56.8 496.6 188.3 21.0 0
805 21.3 3.0 58.0 0 0.0 18.0 56.8 496.6 188.5 21.0 0
806 21.3 3.0 57.0 0 0.0 18.0 56.8 496.6 188.7 21.0 0
807 21.3 3.0 57.0 0 0.0 18.0 56.7 496.6 188.8 21.0 0
808 21.3 3.0 57.0 0 0.0 18.0 56.7 496.6 189.0 21.0 0
809 21.3 3.0 56.0 0 0.0 18.0 56.7 496.6 189.2 21.0 0
810 21.3 3.0 56.0 0 0.0 18.0 56.7 496.6 189.3 21.0 0
811 21.3 3.0 56.0 0 0.0 18.0 56.7 496.6 189.5 21.0 0
812 21.3 3.0 56.0 0 0.0 18.0 56.7 496.6 189.7 21.0 0
813 21.3 3.0 55.0 0 0.0 18.1 56.7 496.6 189.8 21.0 0
814 21.3 3.0 55.0 0 0.0 18.1 56.7 496.6 190.0 21.0 0
815 21.3 3.0 55.0 0 0.0 18.1 56.7 496.6 190.2 21.0 0
816 21.3 3.0 54.0 0 0.0 18.1 56.6 496.6 190.3 21.0 0
817 21.3 3.0 54.0 0 0.0 18.2 56.6 496.6 190.5 21.0 0
818 21.2 3.0 54.0 0 0.0 18.2 56.6 496.6 190.7 21.0 0
819 21.2 3.0 54.0 0 0.0 18.2 56.6 496.6 190.8 21.0 0
820 21.2 3.0 53.0 0 0.0 18.2 56.6 496.6 191.0 21.0 0
821 21.2 3.0 53.0 0 0.0 18.3 56.6 496.6 191.1 21.0 0
822 21.2 3.0 53.0 0 0.0 18.3 56.6 496.6 191.3 21.0 0
823 21.2 3.0 53.0 0 0.0 18.3 56.6 496.6 191.5 21.0 0
824 21.1 3.0 53.0 0 0.0 18.3 56.6 496.6 191.6 21.0 0
825 21.1 3.0 52.0 0 0.0 18.4 56.6 496.6 191.8 21.0 0
826 21.1 3.0 52.0 0 0.0 18.4 56.5 496.6 191.9 21.0 0
827 21.1 3.0 52.0 0 0.0 18.4 56.5 496.6 192.1 21.0 0
828 21.0 3.0 52.0 0 0.0 18.5 56.5 496.6 192.2 21.0 0
829 21.0 3.0 52.0 0 0.0 18.5 56.5 496.6 192.4 21.0 0
830 21.0 3.0 52.0 0 0.0 18.5 56.5 496.6 192.6 21.0 0
831 21.0 3.0 52.0 0 0.0 18.6 56.5 496.6 192.7 21.0 0
832 21.0 3.0 52.0 0 0.0 18.6 56.5 496.6 192.9 21.0 0
833 20.9 3.0 52.0 0 0.0 18.6 56.5 496.6 193.0 21.0 0
834 20.9 3.0 52.0 0 0.0 18.7 56.5 496.6 193.2 21.0 0
835 20.9 3.0 52.0 0 0.0 18.7 56.5 496.6 193.3 21.0 0
836 20.9 3.0 52.0 0 0.0 18.7 56.5 496.6 193.5 21.0 0
837 20.9 3.0 53.0 0 0.0 18.7 56.4 496.6 193.6 21.0 0
838 20.9 3.0 53.0 0 0.0 18.7 56.4 496.6 193.8 21.0 0
839 20.9 3.0 53.0 0 0.0 18.8 56.4 496.6 194.0 21.0 0
840 20.8 3.0 53.0 0 0.0 18.8 56.4 496.6 194.1 21.0 0
841 20.8 3.5 53.0 0 0.0 18.8 51.0 496.6 194.3 21.0 0
842 20.9 3.5 53.0 0 0.0 18.8 51.0 496.6 194.4 21.0 0
843 20.9 3.5 54.0 0 0.0 18.8 51.0 496.6 194.6 21.0 0
844 20.9 3.5 54.0 0 0.0 18.7 51.0 496.6 194.8 21.0 0
845 20.9 3.5 54.0 0 0.0 18.7 51.0 496.6 194.9 21.0 0
846 20.9 3.5 54.0 0 0.0 18.7 51.0 496.6 195.1 21.0 0
847 20.9 3.5 54.0 0 0.0 18.7 51.0 496.6 195.3 21.0 0
848 20.9 3.5 54.0 0 0.0 18.7 51.0 496.6 195.4 21.0 0
849 20.9 3.5 54.0 0 0.0 18.7 51.0 496.6 195.6 21.0 0
850 20.9 3.5 54.0 0 0.0 18.7 51.0 496.6 195.7 21.0 0
851 20.9 3.5 54.0 0 0.0 18.7 51.0 496.6 195.9 21.0 0
852 20.9 3.5 54.0 0 0.0 18.7 51.0 496.6 196.1 21.0 0
853 20.9 3.5 54.0 0 0.0 18.6 51.0 496.6 196.2 21.0 0
854 20.9 3.5 55.0 0 0.0 18.6 51.0 496.6 196.4 21.0 0
855 20.9 3.5 55.0 0 0.0 18.6 51.0 496.6 196.6 21.0 0
856 21.0 3.5 55.0 0 0.0 18.6 51.0 496.6 196.7 21.0 0
857 21.0 3.5 55.0 0 0.0 18.6 51.0 496.6 196.9 21.0 0
858 21.0 3.5 55.0 0 0.0 18.6 51.0 496.6 197.0 21.0 0
859 21.0 3.5 55.0 0 0.0 18.6 51.0 496.6 197.2 21.0 0
860 21.0 3.5 55.0 0 0.0 18.5 51.0 496.6 197.4 21.0 0
861 21.0 3.5 55.0 0 0.0 18.5 51.0 496.6 197.5 21.0 0
862 21.0 3.5 55.0 0 0.0 18.5 51.0 496.6 197.7 21.0 0
863 21.0 3.5 55.0 0 0.0 18.5 51.0 496.6 197.9 21.0 0
864 21.0 3.5 55.0 0 0.0 18.5 51.0 496.6 198.0 21.0 0
865 21.0 3.5 55.0 0 0.0 18.5 51.0 496.6 198.2 21.0 0
866 21.1 3.5 55.0 0 0.0 18.5 51.0 496.6 198.4 21.0 0
867 21.1 3.5 55.0 0 0.0 18.4 51.0 496.6 198.5 21.0 0
868 21.1 3.5 55.0 0 0.0 18.4 51.0 496.6 198.7 21.0 0
869 21.1 3.5 54.0 0 0.0 18.4 51.0 496.6 198.9 21.0 0
870 21.1 3.5 54.0 0 0.0 18.4 51.0 496.6 199.0 21.0 0
871 21.1 3.5 54.0 0 0.0 18.4 51.0 496.6 199.2 21.0 0
872 21.1 3.5 54.0 0 0.0 18.4 51.0 496.6 199.3 21.0 0
873 21.1 3.5 54.0 0 0.0 18.4 51.0 496.7 199.5 21.0 0
874 21.1 3.5 54.0 0 0.0 18.4 51.0 496.7 199.7 21.0 0
875 21.1 3.5 54.0 0 0.0 18.4 51.0 496.7 199.8 21.0 0
876 21.1 3.5 54.0 0 0.0 18.4 51.0 496.7 200.0 21.0 0
877 21.1 3.5 54.0 0 0.0 18.4 51.0 496.7 200.2 21.0 0
878 21.1 3.5 54.0 0 0.0 18.4 51.0 496.7 200.3 21.0 0
879 21.1 3.5 53.0 0 0.0 18.4 51.0 496.7 200.5 21.0 0
880 21.1 3.5 53.0 0 0.0 18.4 51.0 496.7 200.6 21.0 0
881 21.1 3.5 53.0 0 0.0 18.4 51.0 496.7 200.8 21.0 0
882 21.1 3.5 53.0 0 0.0 18.4 51.0 496.7 201.0 21.0 0
883 21.1 3.5 53.0 0 0.0 18.4 51.0 496.7 201.1 21.0 0
884 21.1 3.5 53.0 0 0.0 18.4 51.0 496.7 201.3 21.0 0
885 21.1 3.5 53.0 0 0.0 18.4 51.0 496.7 201.4 21.0 0
886 21.1 3.5 53.0 0 0.0 18.4 51.0 496.7 201.6 21.0 0
887 21.1 3.5 53.0 0 0.0 18.4 51.0 496.7 201.7 21.0 0
888 21.0 3.5 52.0 0 0.0 18.4 51.0 496.7 201.9 21.0 0
889 21.0 3.5 52.0 0 0.0 18.4 51.0 496.7 202.1 21.0 0
890 21.0 3.5 52.0 0 0.0 18.4 51.0 496.7 202.2 21.0 0
891 21.0 3.5 52.0 0 0.0 18.4 51.0 496.7 202.4 21.0 0
892 21.0 3.5 52.0 0 0.0 18.4 51.0 496.7 202.5 21.0 0
893 21.0 3.5 52.0 0 0.0 18.4 51.0 496.7 202.7 21.0 0
894 21.0 3.5 52.0 0 0.0 18.4 51.0 496.7 202.8 21.0 0
895 21.0 3.5 52.0 0 0.0 18.4 51.0 496.7 203.0 21.0 0
896 21.0 3.5 52.0 0 0.0 18.4 51.0 496.7 203.2 21.0 0
897 21.0 3.5 52.0 0 0.0 18.4 51.0 496.7 203.3 21.0 0
898 21.0 3.5 52.0 0 0.0 18.4 51.0 496.7 203.5 21.0 0
899 21.0 3.5 52.0 0 0.0 18.5 51.0 496.7 203.6 21.0 0
900 21.0 3.5 52.0 0 0.0 18.5 51.0 496.7 203.8 21.0 0
901 21.0 4.0 52.0 0 0.0 18.5 51.0 496.7 203.9 21.0 0
902 21.0 4.0 52.0 0 0.0 18.5 51.0 496.7 204.1 21.0 0
903 21.0 4.0 52.0 0 0.0 18.5 51.0 496.7 204.2 21.0 0
904 21.0 4.0 52.0 0 0.0 18.5 51.0 496.7 204.4 21.0 0
905 21.0 4.0 52.0 0 0.0 18.5 51.0 496.7 204.6 21.0 0
906 21.0 4.0 52.0 0 0.0 18.5 51.0 496.7 204.7 21.0 0
907 21.0 4.0 52.0 0 0.0 18.5 51.0 496.7 204.9 21.0 0
908 21.0 4.0 52.0 0 0.0 18.4 51.0 496.7 205.0 21.0 0
909 21.0 4.0 52.0 0 0.0 18.4 51.0 496.7 205.2 21.0 0
910 21.0 4.0 52.0 0 0.0 18.4 51.0 496.7 205.3 21.0 0
911 21.0 4.0 52.0 0 0.0 18.4 51.0 496.7 205.5 21.0 0
912 21.0 4.0 52.0 0 0.0 18.4 51.1 496.7 205.6 21.0 0
913 21.0 4.0 52.0 0 0.0 18.4 51.1 496.7 205.8 21.0 0
914 21.0 4.0 52.0 0 0.0 18.4 51.1 496.7 206.0 21.0 0
915 21.0 4.0 52.0 0 0.0 18.4 51.1 496.7 206.1 21.0 0
916 21.0 4.0 52.0 0 0.0 18.4 51.1 496.7 206.3 21.0 0
917 21.0 4.0 52.0 0 0.0 18.4 51.1 496.7 206.4 21.0 0
918 21.0 4.0 52.0 0 0.0 18.4 51.1 496.7 206.6 21.0 0
919 21.0 4.0 52.0 0 0.0 18.4 51.1 496.7 206.7 21.0 0
920 21.0 4.0 52.0 0 0.0 18.4 51.1 496.7 206.9 21.0 0
921 21.0 4.0 52.0 0 0.0 18.4 51.1 496.7 207.1 21.0 0
922 21.0 4.0 52.0 0 0.0 18.4 51.1 496.7 207.2 21.0 0
923 21.0 4.0 52.0 0 0.0 18.4 51.1 496.7 207.4 21.0 0
924 21.0 4.0 52.0 0 0.0 18.4 51.1 496.7 207.5 21.0 0
925 21.0 4.0 52.0 0 0.0 18.4 51.1 496.7 207.7 21.0 0
926 21.0 4.0 52.0 0 0.0 18.4 51.1 496.7 207.8 21.0 0
927 21.0 4.0 52.0 0 0.0 18.4 51.1 496.7 208.0 21.0 0
928 21.0 4.0 52.0 0 0.0 18.4 51.1 496.7 208.1 21.0 0
929 21.0 4.0 52.0 0 0.0 18.4 51.1 496.7 208.3 21.0 0
930 21.0 4.0 52.0 0 0.0 18.4 51.1 496.7 208.5 21.0 0
931 21.0 4.0 52.0 0 0.0 18.4 51.1 496.7 208.6 21.0 0
932 21.0 4.0 52.0 0 0.0 18.4 51.2 496.7 208.8 21.0 0
933 21.0 4.0 52.0 0 0.0 18.4 51.2 496.7 208.9 21.0 0
934 21.0 4.0 52.0 0 0.0 18.4 51.2 496.7 209.1 21.0 0
935 21.1 4.0 52.0 0 0.0 18.4 51.2 496.7 209.2 21.0 0
936 21.1 4.0 52.0 0 0.0 18.4 51.2 496.7 209.4 21.0 0
937 21.1 4.0 52.0 0 0.0 18.5 51.2 496.7 209.5 21.0 0
938 21.1 4.0 52.0 0 0.0 18.5 51.2 496.7 209.7 21.0 0
939 21.1 4.0 52.0 0 0.0 18.5 51.2 496.7 209.9 21.0 0
940 21.1 4.0 52.0 0 0.0 18.5 51.2 496.7 210.0 21.0 0
941 21.1 4.0 52.0 0 0.0 18.5 51.2 496.7 210.2 21.0 0
942 21.1 4.0 52.0 0 0.0 18.5 51.2 496.7 210.3 21.0 0
943 21.1 4.0 52.0 0 0.0 18.5 51.2 496.7 210.5 21.0 0
944 21.1 4.0 52.0 0 0.0 18.5 51.2 496.7 210.6 21.0 0
945 21.1 4.0 51.0 0 0.0 18.5 51.2 496.7 210.8 21.0 0
946 21.1 4.0 51.0 0 0.0 18.5 51.2 496.7 210.9 21.0 0
947 21.1 4.0 51.0 0 0.0 18.5 51.2 496.7 211.1 21.0 0
948 21.0 4.0 51.0 0 0.0 18.5 51.2 496.7 211.3 21.0 0
949 21.0 4.0 51.0 0 0.0 18.5 51.2 496.7 211.4 21.0 0
950 21.0 4.0 51.0 0 0.0 18.5 51.2 496.7 211.6 21.0 0
951 21.0 4.0 51.0 0 0.0 18.5 51.2 496.7 211.7 21.0 0
952 21.0 4.0 51.0 0 0.0 18.5 51.3 496.7 211.9 21.0 0
953 21.0 4.0 51.0 0 0.0 18.5 51.3 496.7 212.0 21.0 0
954 21.0 4.0 51.0 0 0.0 18.5 51.3 496.7 212.2 21.0 0
955 21.0 4.0 51.0 0 0.0 18.5 51.3 496.7 212.3 21.0 0
956 21.0 4.0 51.0 0 0.0 18.5 51.3 496.7 212.5 21.0 0
957 21.0 4.0 51.0 0 0.0 18.5 51.3 496.7 212.6 21.0 0
958 21.0 4.0 51.0 0 0.0 18.6 51.3 496.7 212.8 21.0 0
959 21.0 4.0 51.0 0 0.0 18.6 51.3 496.7 212.9 21.0 0
960 21.0 4.0 51.0 0 0.0 18.6 51.3 496.7 213.1 21.0 0
961 21.0 4.0 51.0 0 0.0 18.6 54.0 496.7 213.2 21.0 0
962 21.0 4.0 51.0 0 0.0 18.6 54.0 496.7 213.4 21.0 0
963 21.0 4.0 51.0 0 0.0 18.6 54.0 496.7 213.5 21.0 0
964 21.0 4.0 51.0 0 0.0 18.6 54.0 496.7 213.7 21.0 0
965 21.0 4.0 51.0 0 0.0 18.6 54.0 496.7 213.9 21.0 0
966 21.0 4.0 51.0 0 0.0 18.7 54.0 496.7 214.0 21.0 0
967 21.0 4.0 51.0 0 0.0 18.7 54.0 496.7 214.2 21.0 0
968 21.0 4.0 51.0 0 0.0 18.7 54.0 496.7 214.3 21.0 0
969 21.0 4.0 51.0 0 0.0 18.7 54.0 496.7 214.5 21.0 0
970 21.0 4.0 51.0 0 0.0 18.7 54.0 496.7 214.6 21.0 0
971 21.0 4.0 51.0 0 0.0 18.7 54.0 496.7 214.8 21.0 0
972 21.0 4.0 51.0 0 0.0 18.7 54.0 496.7 214.9 21.0 0
973 21.0 4.0 51.0 0 0.0 18.7 54.0 496.7 215.1 21.0 0
974 21.0 4.0 51.0 0 0.0 18.8 54.0 496.7 215.2 21.0 0
975 21.0 4.0 51.0 0 0.0 18.8 54.0 496.7 215.4 21.0 0
976 21.0 4.0 51.0 0 0.0 18.8 54.0 496.7 215.5 21.0 0
977 21.0 4.0 51.0 0 0.0 18.8 54.0 496.7 215.7 21.0 0
978 21.0 4.0 51.0 0 0.0 18.8 54.0 496.7 215.8 21.0 0
979 21.0 4.0 51.0 0 0.0 18.8 54.0 496.7 216.0 21.0 0
980 20.9 4.0 51.0 0 0.0 18.8 54.0 496.7 216.1 21.0 0
981 20.9 4.0 51.0 0 0.0 18.8 54.0 496.7 216.3 21.0 0
982 20.9 4.0 51.0 0 0.0 18.9 54.0 496.7 216.5 21.0 0
983 20.9 4.0 51.0 0 0.0 18.9 54.0 496.7 216.6 21.0 0
984 20.9 4.0 52.0 0 0.0 18.9 54.0 496.7 216.8 21.0 0
985 20.9 4.0 52.0 0 0.0 18.9 54.0 496.7 216.9 21.0 0
986 21.0 4.0 52.0 0 0.0 18.9 54.0 496.7 217.1 21.0 0
987 21.0 4.0 52.0 0 0.0 18.9 54.0 496.7 217.2 21.0 0
988 21.0 4.0 52.0 0 0.0 18.9 54.0 496.7 217.4 21.0 0
989 21.0 4.0 52.0 0 0.0 18.9 54.0 496.7 217.5 21.0 0
990 21.0 4.0 52.0 0 0.0 18.9 54.0 496.7 217.7 21.0 0
991 21.0 4.0 52.0 0 0.0 18.9 54.0 496.7 217.9 21.0 0
992 21.0 4.0 52.0 0 0.0 18.9 54.1 496.7 218.0 21.0 0
993 21.0 4.0 52.0 0 0.0 18.9 54.1 496.7 218.2 21.0 0
994 21.0 4.0 52.0 0 0.0 18.9 54.1 496.7 218.3 21.0 0
995 21.0 4.0 52.0 0 0.0 18.9 54.1 496.7 218.5 21.0 0
996 21.0 4.0 52.0 0 0.0 18.9 54.1 496.7 218.6 21.0 0
997 21.0 4.0 52.0 0 0.0 18.9 54.1 496.7 218.8 21.0 0
998 21.0 4.0 52.0 0 0.0 18.9 54.1 496.7 218.9 21.0 0
999 21.0 4.0 52.0 0 0.0 19.0 54.1 496.7 219.1 21.0 0
1000 21.0 4.0 52.0 0 0.0 19.0 54.1 496.7 219.3 21.0 0
1001 21.0 4.0 52.0 0 0.0 19.0 54.1 496.7 219.4 21.0 0
1002 21.0 4.0 52.0 0 0.0 19.0 54.1 496.7 219.6 21.0 0
1003 21.0 4.0 52.0 0 0.0 19.0 54.1 496.7 219.7 21.0 0
1004 21.0 4.0 52.0 0 0.0 19.0 54.1 496.7 219.9 21.0 0
1005 21.0 4.0 52.0 0 0.0 19.0 54.1 496.7 220.0 21.0 0
1006 21.0 4.0 52.0 0 0.0 19.0 54.1 496.7 220.2 21.0 0
1007 21.0 4.0 52.0 0 0.0 19.0 54.1 496.7 220.4 21.0 0
1008 21.0 4.0 52.0 0 0.0 19.0 54.1 496.7 220.5 21.0 0
1009 21.0 4.0 52.0 0 0.0 19.0 54.1 496.7 220.7 21.0 0
1010 21.0 4.0 52.0 0 0.0 19.0 54.1 496.7 220.8 21.0 0
1011 21.0 4.0 52.0 0 0.0 19.0 54.1 496.7 221.0 21.0 0
1012 21.0 4.0 52.0 0 0.0 19.0 54.1 496.7 221.1 21.0 0
1013 21.0 4.0 52.0 0 0.0 19.0 54.1 496.7 221.3 21.0 0
1014 21.0 4.0 52.0 0 0.0 19.0 54.1 496.7 221.4 21.0 0
1015 21.0 4.0 52.0 0 0.0 19.0 54.1 496.7 221.6 21.0 0
1016 21.0 4.0 52.0 0 0.0 19.0 54.1 496.7 221.8 21.0 0
1017 21.0 4.0 52.0 0 0.0 19.0 54.1 496.7 221.9 21.0 0
1018 21.0 4.0 52.0 0 0.0 19.1 54.1 496.7 222.1 21.0 0
1019 21.0 4.0 52.0 0 0.0 19.1 54.1 496.7 222.2 21.0 0
1020 21.0 4.0 52.0 0 0.0 19.1 54.1 496.7 222.4 21.0 0
1021 21.0 3.5 52.0 0 0.0 19.1 55.0 496.7 222.5 21.0 0
1022 21.0 3.5 52.0 0 0.0 19.1 55.0 496.7 222.7 21.0 0
1023 21.0 3.5 52.0 0 0.0 19.1 55.0 496.7 222.8 21.0 0
1024 21.0 3.5 52.0 0 0.0 19.1 55.0 496.7 223.0 21.0 0
1025 21.0 3.5 52.0 0 0.0 19.1 55.0 496.7 223.2 21.0 0
1026 21.0 3.5 52.0 0 0.0 19.1 55.0 496.7 223.3 21.0 0
1027 21.0 3.5 52.0 0 0.0 19.2 55.0 496.7 223.5 21.0 0
1028 21.0 3.5 52.0 0 0.0 19.2 55.0 496.7 223.6 21.0 0
1029 20.9 3.5 52.0 0 0.0 19.2 55.0 496.7 223.8 21.0 0
1030 20.9 3.5 52.0 0 0.0 19.2 55.0 496.7 223.9 21.0 0
1031 20.9 3.5 52.0 0 0.0 19.2 55.0 496.7 224.1 21.0 0
1032 20.9 3.5 52.0 0 0.0 19.2 55.0 496.7 224.3 21.0 0
1033 20.9 3.5 52.0 0 0.0 19.2 55.0 496.7 224.4 21.0 0
1034 20.9 3.5 52.0 0 0.0 19.2 55.0 496.7 224.6 21.0 0
1035 20.9 3.5 52.0 0 0.0 19.2 55.0 496.7 224.7 21.0 0
1036 20.9 3.5 52.0 0 0.0 19.3 55.0 496.7 224.9 21.0 0
1037 20.9 3.5 53.0 0 0.0 19.3 55.1 496.7 225.0 21.0 0
1038 20.9 3.5 53.0 0 0.0 19.3 55.1 496.7 225.2 21.0 0
1039 20.9 3.5 53.0 0 0.0 19.3 55.1 496.7 225.4 21.0 0
1040 20.9 3.5 53.0 0 0.0 19.3 55.1 496.7 225.5 21.0 0
1041 20.9 3.5 53.0 0 0.0 19.3 55.1 496.7 225.7 21.0 0
1042 20.9 3.5 53.0 0 0.0 19.3 55.1 496.7 225.8 21.0 0
1043 20.9 3.5 53.0 0 0.0 19.3 55.1 496.7 226.0 21.0 0
1044 20.9 3.5 53.0 0 0.0 19.3 55.1 496.7 226.1 21.0 0
1045 20.9 3.5 53.0 0 0.0 19.3 55.1 496.7 226.3 21.0 0
1046 20.9 3.5 54.0 0 0.0 19.3 55.1 496.7 226.5 21.0 0
1047 20.9 3.5 54.0 0 0.0 19.3 55.1 496.7 226.6 21.0 0
1048 20.9 3.5 54.0 0 0.0 19.3 55.1 496.7 226.8 21.0 0
1049 20.9 3.5 54.0 0 0.0 19.3 55.1 496.7 227.0 21.0 0
1050 20.9 3.5 54.0 0 0.0 19.3 55.1 496.7 227.1 21.0 0
1051 20.9 3.5 54.0 0 0.0 19.3 55.1 496.7 227.3 21.0 0
1052 20.9 3.5 54.0 0 0.0 19.3 55.1 496.7 227.4 21.0 0
1053 20.9 3.5 54.0 0 0.0 19.3 55.1 496.7 227.6 21.0 0
1054 20.9 3.5 54.0 0 0.0 19.3 55.1 496.7 227.8 21.0 0
1055 20.9 3.5 54.0 0 0.0 19.3 55.1 496.7 227.9 21.0 0
1056 21.0 3.5 55.0 0 0.0 19.3 55.1 496.7 228.1 21.0 0
1057 21.0 3.5 55.0 0 0.0 19.2 55.1 496.7 228.3 21.0 0
1058 21.0 3.5 55.0 0 0.0 19.2 55.1 496.7 228.4 21.0 0
1059 21.0 3.5 55.0 0 0.0 19.2 55.1 496.7 228.6 21.0 0
1060 21.0 3.5 55.0 0 0.0 19.2 55.1 496.7 228.8 21.0 0
1061 21.0 3.5 55.0 0 0.0 19.2 55.1 496.7 228.9 21.0 0
1062 21.0 3.5 55.0 0 0.0 19.2 55.1 496.7 229.1 21.0 0
1063 21.0 3.5 55.0 0 0.0 19.2 55.1 496.7 229.2 21.0 0
1064 21.0 3.5 55.0 0 0.0 19.2 55.1 496.7 229.4 21.0 0
1065 21.0 3.5 55.0 0 0.0 19.2 55.1 496.7 229.6 21.0 0
1066 21.1 3.5 55.0 0 0.0 19.2 55.1 496.7 229.7 21.0 0
1067 21.1 3.5 55.0 0 0.0 19.2 55.2 496.7 229.9 21.0 0
1068 21.1 3.5 54.0 0 0.0 19.2 55.2 496.7 230.1 21.0 0
1069 21.1 3.5 54.0 0 0.0 19.2 55.2 496.7 230.2 21.0 0
1070 21.1 3.5 54.0 0 0.0 19.2 55.2 496.7 230.4 21.0 0
1071 21.1 3.5 54.0 0 0.0 19.2 55.2 496.7 230.6 21.0 0
1072 21.1 3.5 54.0 0 0.0 19.2 55.2 496.7 230.7 21.0 0
1073 21.1 3.5 54.0 0 0.0 19.2 55.2 496.7 230.9 21.0 0
1074 21.1 3.5 54.0 0 0.0 19.2 55.2 496.7 231.0 21.0 0
1075 21.1 3.5 54.0 0 0.0 19.2 55.2 496.7 231.2 21.0 0
1076 21.1 3.5 54.0 0 0.0 19.2 55.2 496.7 231.4 21.0 0
1077 21.1 3.5 53.0 0 0.0 19.2 55.2 496.7 231.5 21.0 0
1078 21.1 3.5 53.0 0 0.0 19.2 55.2 496.7 231.7 21.0 0
1079 21.1 3.5 53.0 0 0.0 19.2 55.2 496.7 231.8 21.0 0
1080 21.1 3.5 53.0 0 0.0 19.2 55.2 496.7 232.0 21.0 0
1081 21.1 3.5 53.0 0 0.0 19.2 57.0 496.7 232.2 21.0 0
1082 21.0 3.5 53.0 0 0.0 19.2 57.0 496.7 232.3 21.0 0
1083 21.0 3.5 53.0 0 0.0 19.3 57.0 496.7 232.5 21.0 0
1084 21.0 3.5 53.0 0 0.0 19.3 57.0 496.7 232.6 21.0 0
1085 21.0 3.5 53.0 0 0.0 19.3 57.0 496.7 232.8 21.0 0
1086 21.0 3.5 53.0 0 0.0 19.3 57.0 496.7 233.0 21.0 0
1087 21.0 3.5 53.0 0 0.0 19.3 57.0 496.7 233.1 21.0 0
1088 21.0 3.5 53.0 0 0.0 19.3 57.0 496.7 233.3 21.0 0
1089 21.0 3.5 53.0 0 0.0 19.3 57.0 496.7 233.4 21.0 0
1090 21.0 3.5 53.0 0 0.0 19.3 57.0 496.7 233.6 21.0 0
1091 21.0 3.5 53.0 0 0.0 19.3 57.0 496.7 233.8 21.0 0
1092 21.0 3.5 53.0 0 0.0 19.4 57.0 496.7 233.9 21.0 0
1093 21.0 3.5 53.0 0 0.0 19.4 57.0 496.7 234.1 21.0 0
1094 21.0 3.5 53.0 0 0.0 19.4 57.0 496.7 234.2 21.0 0
1095 21.0 3.5 53.0 0 0.0 19.4 57.0 496.7 234.4 21.0 0
1096 21.0 3.5 53.0 0 0.0 19.4 57.0 496.7 234.5 21.0 0
1097 21.0 3.5 53.0 0 0.0 19.4 57.0 496.7 234.7 21.0 0
1098 21.0 3.5 53.0 0 0.0 19.4 57.0 496.7 234.9 21.0 0
1099 21.0 3.5 53.0 0 0.0 19.4 57.0 496.7 235.0 21.0 0
1100 21.0 3.5 53.0 0 0.0 19.4 57.0 496.7 235.2 21.0 0
1101 21.0 3.5 53.0 0 0.0 19.5 57.0 496.7 235.3 21.0 0
1102 21.0 3.5 53.0 0 0.0 19.5 57.0 496.7 235.5 21.0 0
1103 21.0 3.5 53.0 0 0.0 19.5 57.0 496.7 235.7 21.0 0
1104 21.0 3.5 53.0 0 0.0 19.5 57.0 496.7 235.8 21.0 0
1105 21.0 3.5 53.0 0 0.0 19.5 57.0 496.7 236.0 21.0 0
1106 21.0 3.5 53.0 0 0.0 19.5 57.0 496.7 236.1 21.0 0
1107 21.0 3.5 53.0 0 0.0 19.5 57.0 496.7 236.3 21.0 0
1108 21.0 3.5 53.0 0 0.0 19.5 57.0 496.7 236.5 21.0 0
1109 21.0 3.5 53.0 0 0.0 19.5 57.0 496.7 236.6 21.0 0
1110 21.0 3.5 53.0 0 0.0 19.5 57.0 496.7 236.8 21.0 0
1111 21.0 3.5 53.0 0 0.0 19.6 57.0 496.7 236.9 21.0 0
1112 21.0 3.5 53.0 0 0.0 19.6 57.0 496.7 237.1 21.0 0
1113 21.0 3.5 53.0 0 0.0 19.6 57.0 496.7 237.2 21.0 0
1114 21.0 3.5 53.0 0 0.0 19.6 57.0 496.7 237.4 21.0 0
1115 20.9 3.5 53.0 0 0.0 19.6 57.0 496.7 237.6 21.0 0
1116 20.9 3.5 53.0 0 0.0 19.6 57.0 496.7 237.7 21.0 0
1117 20.9 3.5 53.0 0 0.0 19.6 57.0 496.7 237.9 21.0 0
1118 20.9 3.5 53.0 0 0.0 19.6 57.0 496.7 238.0 21.0 0
1119 20.9 3.5 53.0 0 0.0 19.6 57.0 496.7 238.2 21.0 0
1120 20.9 3.5 53.0 0 0.0 19.6 57.0 496.7 238.4 21.0 0
1121 20.9 3.5 54.0 0 0.0 19.6 57.0 496.7 238.5 21.0 0
1122 20.9 3.5 54.0 0 0.0 19.6 57.0 496.7 238.7 21.0 0
1123 20.9 3.5 54.0 0 0.0 19.6 57.0 496.7 238.8 21.0 0
1124 21.0 3.5 54.0 0 0.0 19.6 57.0 496.7 239.0 21.0 0
1125 21.0 3.5 54.0 0 0.0 19.6 57.0 496.7 239.2 21.0 0
1126 21.0 3.5 54.0 0 0.0 19.6 57.0 496.7 239.3 21.0 0
1127 21.0 3.5 54.0 0 0.0 19.6 57.0 496.7 239.5 21.0 0
1128 21.0 3.5 54.0 0 0.0 19.6 57.0 496.7 239.7 21.0 0
1129 21.0 3.5 54.0 0 0.0 19.6 57.0 496.7 239.8 21.0 0
1130 21.0 3.5 54.0 0 0.0 19.6 57.0 496.7 240.0 21.0 0
1131 21.0 3.5 54.0 0 0.0 19.6 57.0 496.7 240.1 21.0 0
1132 21.0 3.5 54.0 0 0.0 19.6 57.0 496.7 240.3 21.0 0
1133 21.0 3.5 54.0 0 0.0 19.6 57.0 496.7 240.5 21.0 0
1134 21.0 3.5 54.0 0 0.0 19.6 57.0 496.7 240.6 21.0 0
1135 21.0 3.5 54.0 0 0.0 19.6 57.0 496.7 240.8 21.0 0
1136 21.0 3.5 54.0 0 0.0 19.6 57.0 496.7 241.0 21.0 0
1137 21.0 3.5 54.0 0 0.0 19.6 57.0 496.7 241.1 21.0 0
1138 21.0 3.5 54.0 0 0.0 19.6 57.0 496.7 241.3 21.0 0
1139 21.0 3.5 54.0 0 0.0 19.7 57.0 496.7 241.4 21.0 0
1140 21.0 3.5 54.0 0 0.0 19.7 57.0 496.7 241.6 21.0 0
1141 21.0 3.0 54.0 0 0.0 19.7 57.0 496.7 241.8 21.0 0
1142 21.0 3.0 54.0 0 0.0 19.7 57.0 496.7 241.9 21.0 0
1143 21.0 3.0 54.0 0 0.0 19.7 57.0 496.7 242.1 21.0 0
1144 21.0 3.0 54.0 0 0.0 19.7 57.0 496.7 242.2 21.0 0
1145 21.0 3.0 54.0 0 0.0 19.7 57.0 496.7 242.4 21.0 0
1146 20.9 3.0 54.0 0 0.0 19.7 57.0 496.7 242.6 21.0 0
1147 20.9 3.0 54.0 0 0.0 19.7 57.0 496.7 242.7 21.0 0
1148 20.9 3.0 54.0 0 0.0 19.7 57.0 496.7 242.9 21.0 0
1149 20.9 3.0 54.0 0 0.0 19.7 57.0 496.7 243.1 21.0 0
1150 20.9 3.0 54.0 0 0.0 19.7 57.0 496.7 243.2 21.0 0
1151 20.9 3.0 54.0 0 0.0 19.7 57.0 496.7 243.4 21.0 0
1152 20.9 3.0 54.0 0 0.0 19.7 57.0 496.7 243.5 21.0 0
1153 20.9 3.0 55.0 0 0.0 19.7 57.0 496.7 243.7 21.0 0
1154 20.9 3.0 55.0 0 0.0 19.7 57.0 496.7 243.9 21.0 0
1155 20.9 3.0 55.0 0 0.0 19.7 57.0 496.7 244.0 21.0 0
1156 20.9 3.0 55.0 0 0.0 19.7 57.0 496.7 244.2 21.0 0
1157 20.9 3.0 55.0 0 0.0 19.7 57.0 496.7 244.4 21.0 0
1158 20.9 3.0 55.0 0 0.0 19.7 57.0 496.7 244.5 21.0 0
1159 20.9 3.0 55.0 0 0.0 19.7 57.0 496.7 244.7 21.0 0
1160 20.9 3.0 55.0 0 0.0 19.7 57.0 496.7 244.9 21.0 0
1161 20.9 3.0 55.0 0 0.0 19.7 57.0 496.7 245.0 21.0 0
1162 20.9 3.0 55.0 0 0.0 19.7 57.0 496.7 245.2 21.0 0
1163 20.9 3.0 56.0 0 0.0 19.7 57.0 496.7 245.4 21.0 0
1164 20.9 3.0 56.0 0 0.0 19.7 57.0 496.7 245.5 21.0 0
1165 20.9 3.0 56.0 0 0.0 19.7 57.0 496.7 245.7 21.0 0
1166 20.9 3.0 56.0 0 0.0 19.7 57.0 496.7 245.9 21.0 0
1167 20.9 3.0 56.0 0 0.0 19.7 57.0 496.7 246.0 21.0 0
1168 20.9 3.0 56.0 0 0.0 19.7 57.0 496.7 246.2 21.0 0
1169 20.9 3.0 56.0 0 0.0 19.7 57.0 496.7 246.4 21.0 0
1170 20.9 3.0 56.0 0 0.0 19.7 57.0 496.7 246.5 21.0 0
1171 20.9 2.9 56.0 0 0.0 19.7 57.0 496.7 246.7 21.0 0
1172 20.9 2.9 56.0 0 0.0 19.7 57.0 496.7 246.9 21.0 0
1173 21.0 2.9 57.0 0 0.0 19.7 57.0 496.7 247.0 21.0 0
1174 21.0 2.9 57.0 0 0.0 19.6 57.0 496.7 247.2 21.0 0
1175 21.0 2.9 57.0 0 0.0 19.6 57.0 496.7 247.4 21.0 0
1176 21.0 2.9 57.0 0 0.0 19.6 57.0 496.7 247.6 21.0 0
1177 21.0 2.9 57.0 0 0.0 19.6 57.0 496.7 247.7 21.0 0
1178 21.0 2.9 57.0 0 0.0 19.6 57.0 496.7 247.9 21.0 0
1179 21.0 2.9 57.0 0 0.0 19.6 57.0 496.7 248.1 21.0 0
1180 21.0 2.9 57.0 0 0.0 19.6 57.0 496.7 248.2 21.0 0
1181 21.0 2.9 57.0 0 0.0 19.6 57.0 496.7 248.4 21.0 0
1182 21.0 2.9 57.0 0 0.0 19.6 57.0 496.7 248.6 21.0 0
1183 21.0 2.9 57.0 0 0.0 19.5 57.0 496.7 248.8 21.0 0
1184 21.0 2.9 57.0 0 0.0 19.5 57.0 496.7 248.9 21.0 0
1185 21.0 2.9 57.0 0 0.0 19.5 57.0 496.7 249.1 21.0 0
1186 21.1 2.9 57.0 0 0.0 19.5 57.0 496.7 249.3 21.0 0
1187 21.1 2.9 57.0 0 0.0 19.5 57.0 496.7 249.4 21.0 0
1188 21.1 2.9 56.0 0 0.0 19.5 57.0 496.7 249.6 21.0 0
1189 21.1 2.9 56.0 0 0.0 19.5 57.0 496.7 249.8 21.0 0
1190 21.1 2.9 56.0 0 0.0 19.5 57.0 496.7 249.9 21.0 0
1191 21.1 2.9 56.0 0 0.0 19.5 57.0 496.7 250.1 21.0 0
1192 21.1 2.9 56.0 0 0.0 19.5 57.0 496.7 250.3 21.0 0
1193 21.1 2.9 56.0 0 0.0 19.5 57.0 496.7 250.4 21.0 0
1194 21.1 2.9 56.0 0 0.0 19.5 57.0 496.7 250.6 21.0 0
1195 21.1 2.9 56.0 0 0.0 19.5 57.0 496.7 250.8 21.0 0
1196 21.1 2.9 56.0 0 0.0 19.5 57.0 496.7 251.0 21.0 0
1197 21.1 2.9 55.0 0 0.0 19.5 57.0 496.7 251.1 21.0 0
1198 21.1 2.9 55.0 0 0.0 19.5 57.0 496.7 251.3 21.0 0
1199 21.0 2.9 55.0 0 0.0 19.5 57.0 496.7 251.4 21.0 0
1200 21.0 2.9 55.0 0 0.0 19.5 57.0 496.7 251.6 21.0 0
1201 21.0 2.0 55.0 0 0.0 19.5 57.0 496.7 251.8 21.0 0
1202 21.0 2.0 55.0 0 0.0 19.5 57.0 496.7 251.9 21.0 0
1203 21.0 2.0 55.0 0 0.0 19.6 57.0 496.7 252.1 21.0 0
1204 20.9 2.0 55.0 0 0.0 19.6 57.0 496.7 252.3 21.0 0
1205 20.9 2.0 55.0 0 0.0 19.6 57.0 496.7 252.4 21.0 0
1206 20.9 2.0 55.0 0 0.0 19.6 57.0 496.7 252.6 21.0 0
1207 20.9 2.0 56.0 0 0.0 19.6 57.0 496.7 252.8 21.0 0
1208 20.8 2.0 56.0 0 0.0 19.6 57.0 496.7 252.9 21.0 0
1209 20.8 2.0 56.0 0 0.0 19.6 57.0 496.7 253.1 21.0 0
1210 20.8 2.0 56.0 0 0.0 19.6 57.0 496.7 253.3 21.0 0
1211 20.8 2.0 56.0 0 0.0 19.6 57.0 496.7 253.4 21.0 0
1212 20.8 2.0 56.0 0 0.0 19.7 57.0 496.7 253.6 21.0 0
1213 20.8 2.0 57.0 0 0.0 19.7 57.0 496.7 253.8 21.0 0
1214 20.8 2.0 57.0 0 0.0 19.7 57.0 496.7 254.0 21.0 0
1215 20.8 2.0 57.0 0 0.0 19.7 57.0 496.7 254.1 21.0 0
1216 20.7 2.0 57.0 0 0.0 19.7 57.0 496.7 254.3 21.0 0
1217 20.7 2.0 57.0 0 0.0 19.7 57.0 496.7 254.5 21.0 0
1218 20.7 2.0 58.0 0 0.0 19.6 57.0 496.7 254.6 21.0 0
1219 20.7 2.0 58.0 0 0.0 19.6 57.0 496.7 254.8 21.0 0
1220 20.7 2.0 58.0 0 0.0 19.6 57.0 496.7 255.0 21.0 0
1221 20.7 2.0 59.0 0 0.0 19.6 57.0 496.7 255.2 21.0 0
1222 20.7 2.0 59.0 0 0.0 19.6 57.0 496.7 255.3 21.0 0
1223 20.7 2.0 59.0 0 0.0 19.6 57.0 496.7 255.5 21.0 0
1224 20.8 2.0 60.0 0 0.0 19.6 57.0 496.7 255.7 21.0 0
1225 20.8 2.0 60.0 0 0.0 19.5 57.0 496.7 255.9 21.0 0
1226 20.8 2.0 60.0 0 0.0 19.5 57.0 496.7 256.1 21.0 0
1227 20.8 2.0 60.0 0 0.0 19.5 57.0 496.7 256.2 21.0 0
1228 20.8 2.0 60.0 0 0.0 19.5 57.0 496.7 256.4 21.0 0
1229 20.8 2.0 61.0 0 0.0 19.5 57.0 496.7 256.6 21.0 0
1230 20.8 2.0 61.0 0 0.0 19.4 57.0 496.7 256.8 21.0 0
1231 20.8 1.9 61.0 0 0.0 19.4 57.0 496.7 257.0 21.0 0
1232 20.8 1.9 61.0 0 0.0 19.4 57.1 496.7 257.2 21.0 0
1233 20.9 1.9 61.0 0 0.0 19.4 57.1 496.7 257.3 21.0 0
1234 20.9 1.9 62.0 0 0.0 19.3 57.1 496.7 257.5 21.0 0
1235 20.9 1.9 62.0 0 0.0 19.3 57.1 496.7 257.7 21.0 0
1236 20.9 1.9 62.0 0 0.0 19.3 57.1 496.7 257.9 21.0 0
1237 20.9 1.9 62.0 0 0.0 19.2 57.1 496.7 258.1 21.0 0
1238 20.9 1.9 62.0 0 0.0 19.2 57.1 496.7 258.3 21.0 0
1239 21.0 1.9 62.0 0 0.0 19.2 57.1 496.7 258.4 21.0 0
1240 21.0 1.9 62.0 0 0.0 19.2 57.1 496.7 258.6 21.0 0
1241 21.0 1.9 62.0 0 0.0 19.1 57.1 496.7 258.8 21.0 0
1242 21.0 1.9 62.0 0 0.0 19.1 57.1 496.7 259.0 21.0 0
1243 21.0 1.9 62.0 0 0.0 19.1 57.1 496.7 259.2 21.0 0
1244 21.0 1.9 62.0 0 0.0 19.1 57.1 496.7 259.4 21.0 0
1245 21.0 1.9 62.0 0 0.0 19.0 57.1 496.7 259.6 21.0 0
1246 21.1 1.9 62.0 0 0.0 19.0 57.1 496.7 259.8 21.0 0
1247 21.1 1.9 62.0 0 0.0 19.0 57.1 496.7 259.9 21.0 0
1248 21.1 1.9 62.0 0 0.0 19.0 57.1 496.7 260.1 21.0 0
1249 21.1 1.9 62.0 0 0.0 18.9 57.1 496.7 260.3 21.0 0
1250 21.1 1.9 62.0 0 0.0 18.9 57.1 496.7 260.5 21.0 0
1251 21.1 1.9 62.0 0 0.0 18.9 57.1 496.7 260.7 21.0 0
1252 21.1 1.9 61.0 0 0.0 18.9 57.1 496.7 260.9 21.0 0
1253 21.1 1.9 61.0 0 0.0 18.9 57.1 496.7 261.0 21.0 0
1254 21.1 1.9 61.0 0 0.0 18.9 57.1 496.7 261.2 21.0 0
1255 21.1 1.9 61.0 0 0.0 18.8 57.1 496.7 261.4 21.0 0
1256 21.1 1.9 61.0 0 0.0 18.8 57.1 496.7 261.6 21.0 0
1257 21.2 1.9 61.0 0 0.0 18.8 57.1 496.7 261.8 21.0 0
1258 21.2 1.9 61.0 0 0.0 18.8 57.1 496.7 262.0 21.0 0
1259 21.2 1.9 61.0 0 0.0 18.8 57.1 496.7 262.1 21.0 0
1260 21.2 1.9 60.0 0 0.0 18.8 57.1 496.7 262.3 21.0 0
1261 21.1 1.0 60.0 0 0.0 18.8 58.0 496.7 262.5 21.0 0
1262 21.1 1.0 60.0 0 0.0 18.8 58.0 496.7 262.7 21.0 0
1263 21.1 1.0 60.0 0 0.0 18.8 58.0 496.7 262.9 21.0 0
1264 21.1 1.0 60.0 0 0.0 18.8 58.0 496.7 263.0 21.0 0
1265 21.0 1.0 60.0 0 0.0 18.8 58.0 496.7 263.2 21.0 0
1266 21.0 1.0 60.0 0 0.0 18.8 58.0 496.7 263.4 21.0 0
1267 21.0 1.0 60.0 0 0.0 18.9 58.0 496.7 263.6 21.0 0
1268 21.0 1.0 60.0 0 0.0 18.9 58.0 496.7 263.8 21.0 0
1269 21.0 1.0 60.0 0 0.0 18.9 58.0 496.7 263.9 21.0 0
1270 20.9 1.0 60.0 0 0.0 18.9 58.0 496.7 264.1 21.0 0
1271 20.9 1.0 60.0 0 0.0 18.9 58.0 496.7 264.3 21.0 0
1272 20.9 1.0 60.0 0 0.0 18.9 58.1 496.7 264.5 21.0 0
1273 20.9 1.0 60.0 0 0.0 18.9 58.1 496.7 264.7 21.0 0
1274 20.9 1.0 60.0 0 0.0 18.9 58.1 496.7 264.8 21.0 0
1275 20.9 1.0 60.0 0 0.0 18.9 58.1 496.7 265.0 21.0 0
1276 20.8 1.0 60.0 0 0.0 18.9 58.1 496.7 265.2 21.0 0
1277 20.8 1.0 60.0 0 0.0 18.9 58.1 496.7 265.4 21.0 0
1278 20.8 1.0 61.0 0 0.0 18.9 58.1 496.7 265.6 21.0 0
1279 20.8 1.0 61.0 0 0.0 18.9 58.1 496.7 265.8 21.0 0
1280 20.8 1.0 61.0 0 0.0 18.9 58.1 496.7 265.9 21.0 0
1281 20.8 1.0 61.0 0 0.0 18.9 58.1 496.7 266.1 21.0 0
1282 20.8 1.0 62.0 0 0.0 18.9 58.1 496.7 266.3 21.0 0
1283 20.8 1.0 62.0 0 0.0 18.9 58.1 496.7 266.5 21.0 0
1284 20.8 1.0 62.0 0 0.0 18.9 58.1 496.7 266.7 21.0 0
1285 20.8 1.0 62.0 0 0.0 18.9 58.1 496.7 266.9 21.0 0
1286 20.8 1.0 62.0 0 0.0 18.9 58.1 496.7 267.0 21.0 0
1287 20.8 1.0 63.0 0 0.0 18.8 58.1 496.7 267.2 21.0 0
1288 20.8 1.0 63.0 0 0.0 18.8 58.1 496.7 267.4 21.0 0
1289 20.8 1.0 63.0 0 0.0 18.8 58.1 496.7 267.6 21.0 0
1290 20.8 1.0 63.0 0 0.0 18.8 58.1 496.7 267.8 21.0 0
1291 20.8 0.9 63.0 0 0.0 18.8 58.1 496.7 268.0 21.0 0
1292 20.8 0.9 64.0 0 0.0 18.8 58.2 496.7 268.2 21.0 0
1293 20.8 0.9 64.0 0 0.0 18.7 58.2 496.7 268.4 21.0 0
1294 20.8 0.9 64.0 0 0.0 18.7 58.2 496.7 268.6 21.0 0
1295 20.8 0.9 64.0 0 0.0 18.7 58.2 496.7 268.8 21.0 0
1296 20.8 0.9 64.0 0 0.0 18.7 58.2 496.7 269.0 21.0 0
1297 20.8 0.9 65.0 0 0.0 18.7 58.2 496.7 269.1 21.0 0
1298 20.9 0.9 65.0 0 0.0 18.6 58.2 496.7 269.3 21.0 0
1299 20.9 0.9 65.0 0 0.0 18.6 58.2 496.7 269.5 21.0 0
1300 20.9 0.9 65.0 0 0.0 18.6 58.2 496.7 269.7 21.0 0
1301 20.9 0.9 65.0 0 0.0 18.6 58.2 496.7 269.9 21.0 0
1302 20.9 0.9 65.0 0 0.0 18.5 58.2 496.7 270.1 21.0 0
1303 20.9 0.9 65.0 0 0.0 18.5 58.2 496.7 270.3 21.0 0
1304 20.9 0.9 65.0 0 0.0 18.5 58.2 496.7 270.5 21.0 0
1305 20.9 0.9 65.0 0 0.0 18.5 58.2 496.7 270.7 21.0 0
1306 21.0 0.9 66.0 0 0.0 18.4 58.2 496.7 270.9 21.0 0
1307 21.0 0.9 66.0 0 0.0 18.4 58.2 496.7 271.1 21.0 0
1308 21.0 0.9 66.0 0 0.0 18.4 58.2 496.7 271.3 21.0 0
1309 21.0 0.9 66.0 0 0.0 18.4 58.2 496.7 271.5 21.0 0
1310 21.0 0.9 66.0 0 0.0 18.3 58.2 496.7 271.7 21.0 0
1311 21.0 0.9 66.0 0 0.0 18.3 58.2 496.7 271.9 21.0 0
1312 21.0 0.9 66.0 0 0.0 18.3 58.3 496.7 272.1 21.0 0
1313 21.1 0.9 66.0 0 0.0 18.3 58.3 496.7 272.3 21.0 0
1314 21.1 0.9 66.0 0 0.0 18.2 58.3 496.7 272.5 21.0 0
1315 21.1 0.9 65.0 0 0.0 18.2 58.3 496.7 272.7 21.0 0
1316 21.1 0.9 65.0 0 0.0 18.2 58.3 496.7 272.9 21.0 0
1317 21.1 0.9 65.0 0 0.0 18.2 58.3 496.7 273.1 21.0 0
1318 21.1 0.9 65.0 0 0.0 18.2 58.3 496.7 273.3 21.0 0
1319 21.1 0.9 65.0 0 0.0 18.2 58.3 496.7 273.5 21.0 0
1320 21.1 0.9 65.0 0 0.0 18.2 58.3 496.7 273.7 21.0 0
1321 21.1 0.0 65.0 0 0.0 18.2 61.0 496.7 273.9 21.0 0
1322 21.1 -0.0 65.0 0 0.0 18.2 61.0 496.7 274.0 21.0 0
1323 21.1 -0.0 65.0 0 0.0 18.2 61.0 496.7 274.2 21.0 0
1324 21.0 -0.0 64.0 0 0.0 18.2 61.0 496.7 274.4 21.0 0
1325 21.0 -0.0 64.0 0 0.0 18.2 61.0 496.7 274.6 21.0 0
1326 21.0 -0.0 64.0 0 0.0 18.2 61.0 496.7 274.8 21.0 0
1327 21.0 -0.0 64.0 0 0.0 18.2 61.0 496.7 275.0 21.0 0
1328 21.0 -0.0 64.0 0 0.0 18.2 61.0 496.7 275.2 21.0 0
1329 20.9 -0.0 64.0 0 0.0 18.2 60.9 496.7 275.4 21.0 0
1330 20.9 -0.0 64.0 0 0.0 18.2 60.9 496.7 275.6 21.0 0
1331 20.9 -0.0 65.0 0 0.0 18.2 60.9 496.7 275.8 21.0 0
1332 20.9 -0.0 65.0 0 0.0 18.2 60.9 496.7 276.0 21.0 0
1333 20.9 -0.0 65.0 0 0.0 18.2 60.9 496.7 276.2 21.0 0
1334 20.9 -0.0 65.0 0 0.0 18.2 60.9 496.7 276.4 21.0 0
1335 20.9 -0.0 65.0 0 0.0 18.2 60.9 496.7 276.6 21.0 0
1336 20.9 -0.0 65.0 0 0.0 18.2 60.9 496.7 276.8 21.0 0
1337 20.9 -0.0 65.0 0 0.0 18.2 60.9 496.7 277.0 21.0 0
1338 20.8 -0.0 65.0 0 0.0 18.2 60.9 496.7 277.1 21.0 0
1339 20.8 -0.0 65.0 0 0.0 18.2 60.9 496.7 277.3 21.0 0
1340 20.8 -0.0 66.0 0 0.0 18.2 60.9 496.7 277.5 21.0 0
1341 20.8 -0.0 66.0 0 0.0 18.2 60.9 496.7 277.7 21.0 0
1342 20.8 -0.0 66.0 0 0.0 18.2 60.9 496.7 277.9 21.0 0
1343 20.8 -0.0 66.0 0 0.0 18.2 60.9 496.7 278.1 21.0 0
1344 20.8 -0.0 67.0 0 0.0 18.2 60.8 496.7 278.3 21.0 0
1345 20.8 -0.0 67.0 0 0.0 18.2 60.8 496.7 278.5 21.0 0
1346 20.8 -0.0 67.0 0 0.0 18.2 60.8 496.7 278.7 21.0 0
1347 20.8 -0.0 67.0 0 0.0 18.2 60.8 496.7 278.9 21.0 0
1348 20.8 -0.0 67.0 0 0.0 18.2 60.8 496.7 279.1 21.0 0
1349 20.8 -0.0 68.0 0 0.0 18.1 60.8 496.7 279.3 21.0 0
1350 20.9 -0.0 68.0 0 0.0 18.1 60.8 496.7 279.5 21.0 0
1351 20.9 -0.0 68.0 0 0.0 18.1 60.8 496.7 279.8 21.0 0
1352 20.9 -0.0 68.0 0 0.0 18.1 60.8 496.7 280.0 21.0 0
1353 20.9 -0.0 68.0 0 0.0 18.1 60.8 496.7 280.2 21.0 0
1354 20.9 -0.0 68.0 0 0.0 18.0 60.8 496.7 280.4 21.0 0
1355 20.9 -0.0 68.0 0 0.0 18.0 60.8 496.7 280.6 21.0 0
1356 20.9 -0.0 68.0 0 0.0 18.0 60.8 496.7 280.8 21.0 0
1357 20.9 -0.0 68.0 0 0.0 18.0 60.8 496.7 281.0 21.0 0
1358 20.9 -0.0 69.0 0 0.0 18.0 60.8 496.7 281.2 21.0 0
1359 20.9 -0.0 69.0 0 0.0 18.0 60.7 496.7 281.4 21.0 0
1360 20.9 -0.0 69.0 0 0.0 17.9 60.7 496.7 281.6 21.0 0
1361 21.0 -0.0 69.0 0 0.0 17.9 60.7 496.7 281.8 21.0 0
1362 21.0 -0.0 69.0 0 0.0 17.9 60.7 496.7 282.0 21.0 0
1363 21.0 -0.0 69.0 0 0.0 17.9 60.7 496.7 282.2 21.0 0
1364 21.0 -0.0 69.0 0 0.0 17.9 60.7 496.7 282.4 21.0 0
1365 21.0 -0.0 69.0 0 0.0 17.8 60.7 496.7 282.6 21.0 0
1366 21.0 -0.0 69.0 0 0.0 17.8 60.7 496.7 282.8 21.0 0
1367 21.0 -0.0 69.0 0 0.0 17.8 60.7 496.7 283.0 21.0 0
1368 21.0 -0.0 69.0 0 0.0 17.8 60.7 496.7 283.3 21.0 0
1369 21.0 -0.0 69.0 0 0.0 17.8 60.7 496.7 283.5 21.0 0
1370 21.1 -0.0 69.0 0 0.0 17.7 60.7 496.7 283.7 21.0 0
1371 21.1 -0.0 69.0 0 0.0 17.7 60.7 496.7 283.9 21.0 0
1372 21.1 -0.0 69.0 0 0.0 17.7 60.7 496.7 284.1 21.0 0
1373 21.1 -0.0 69.0 0 0.0 17.7 60.7 496.7 284.3 21.0 0
1374 21.1 -0.0 68.0 0 0.0 17.7 60.6 496.7 284.5 21.0 0
1375 21.1 -0.0 68.0 0 0.0 17.7 60.6 496.7 284.7 21.0 0
1376 21.1 -0.0 68.0 0 0.0 17.7 60.6 496.7 284.9 21.0 0
1377 21.1 -0.0 68.0 0 0.0 17.7 60.6 496.7 285.1 21.0 0
1378 21.1 -0.0 68.0 0 0.0 17.6 60.6 496.7 285.3 21.0 0
1379 21.1 -0.0 68.0 0 0.0 17.6 60.6 496.7 285.5 21.0 0
1380 21.1 -0.0 68.0 0 0.0 17.6 60.6 496.7 285.7 21.0 0
1381 21.1 -0.5 68.0 0 0.0 17.6 57.0 496.7 285.9 21.0 0
1382 21.1 -0.5 68.0 0 0.0 17.6 57.0 496.7 286.1 21.0 0
1383 21.1 -0.5 68.0 0 0.0 17.6 57.0 496.7 286.3 21.0 0
1384 21.1 -0.5 67.0 0 0.0 17.6 57.0 496.7 286.5 21.0 0
1385 21.0 -0.5 67.0 0 0.0 17.6 57.0 496.7 286.7 21.0 0
1386 21.0 -0.5 67.0 0 0.0 17.6 57.0 496.7 286.9 21.0 0
1387 21.0 -0.5 67.0 0 0.0 17.6 57.0 496.7 287.1 21.0 0
1388 21.0 -0.5 67.0 0 0.0 17.6 57.0 496.7 287.3 21.0 0
1389 21.0 -0.5 67.0 0 0.0 17.5 57.0 496.7 287.5 21.0 0
1390 21.0 -0.5 67.0 0 0.0 17.5 57.0 496.7 287.7 21.0 0
1391 21.0 -0.5 67.0 0 0.0 17.5 57.0 496.7 287.9 21.0 0
1392 21.0 -0.5 67.0 0 0.0 17.5 57.0 496.7 288.1 21.0 0
1393 20.9 -0.5 67.0 0 0.0 17.5 57.0 496.7 288.3 21.0 0
1394 20.9 -0.5 67.0 0 0.0 17.5 57.0 496.7 288.5 21.0 0
1395 20.9 -0.5 68.0 0 0.0 17.5 57.0 496.7 288.7 21.0 0
1396 20.9 -0.5 68.0 0 0.0 17.5 57.0 496.7 288.9 21.0 0
1397 20.9 -0.5 68.0 0 0.0 17.5 57.0 496.7 289.2 21.0 0
1398 20.9 -0.5 68.0 0 0.0 17.5 57.0 496.7 289.4 21.0 0
1399 20.9 -0.5 68.0 0 0.0 17.4 57.0 496.7 289.6 21.0 0

